NUM_NODES: 20
NUM_ARCS: 234
NUM_SOURCES: 3
NUM_SINKS: 7

# Balanco dos nos (node_id b_i)
NODE_BALANCES
0 -169
1 -95
2 -18
3 -170
4 0
5 0
6 0
7 -103
8 0
9 0
10 -97
11 0
12 0
13 0
14 256
15 0
16 -2
17 157
18 241
19 0
END_NODE_BALANCES

# Dados dos arcos (i j c_ij f_ij w_ij)
ARCS
0 2 16 315 87
0 3 8 471 326
0 6 1 376 442
0 8 15 146 265
0 9 2 350 50
0 10 16 267 411
0 11 7 121 165
0 14 9 180 501
0 17 1 177 300
0 19 3 253 130
1 0 18 334 349
1 2 20 243 195
1 6 7 422 180
1 8 13 284 509
1 9 8 237 521
1 10 20 124 299
1 11 2 426 408
1 14 16 126 68
1 15 11 417 450
1 18 14 417 329
2 0 16 335 270
2 1 17 192 242
2 7 7 143 522
2 8 12 196 514
2 9 4 394 142
2 10 20 333 332
2 11 16 331 244
2 12 18 393 344
3 0 2 247 96
3 5 8 251 102
3 6 12 154 83
3 7 12 340 287
3 8 5 438 367
3 10 1 370 304
3 11 2 299 94
3 12 7 383 484
3 14 14 323 425
3 16 13 124 104
3 17 5 228 351
3 18 5 217 93
3 19 20 114 155
4 1 4 167 412
4 2 19 318 194
4 3 9 325 157
4 5 13 140 98
4 6 8 410 264
4 9 6 223 457
4 10 19 448 428
4 11 15 487 154
4 12 20 490 220
4 13 5 227 400
4 14 1 219 332
4 15 3 379 289
4 17 1 336 176
4 18 19 175 144
5 3 5 370 96
5 6 13 165 411
5 7 1 352 349
5 8 20 316 169
5 9 1 113 380
5 10 9 453 372
5 11 2 312 504
5 12 1 478 413
5 13 8 492 386
5 15 1 375 49
5 16 19 425 277
5 18 15 393 286
6 0 13 415 244
6 1 11 224 122
6 2 8 285 397
6 4 6 490 120
6 5 10 417 409
6 7 11 452 299
6 8 4 290 469
6 9 11 327 177
6 10 18 215 271
6 11 2 493 267
6 12 16 344 92
6 15 17 197 335
6 19 16 328 451
7 2 17 490 242
7 5 5 176 297
7 6 12 126 139
7 9 15 287 328
7 10 13 248 371
7 12 1 122 326
7 14 18 210 394
7 15 10 329 508
7 16 3 461 150
7 17 13 396 145
7 18 3 176 383
8 0 13 459 212
8 1 17 293 67
8 2 1 380 417
8 4 7 471 254
8 5 20 313 507
8 6 11 437 201
8 7 7 422 143
8 9 15 357 77
8 10 10 268 371
8 11 18 144 171
8 12 6 302 420
8 13 7 332 222
8 14 8 479 142
8 15 8 400 124
9 0 7 211 73
9 2 14 463 178
9 3 19 498 446
9 4 10 369 514
9 5 16 129 164
9 6 5 297 360
9 10 3 205 495
9 12 3 489 511
9 15 7 433 142
9 16 13 494 261
9 17 11 218 141
9 19 17 380 322
10 0 6 265 294
10 1 14 358 166
10 3 19 111 228
10 4 1 375 199
10 6 12 437 219
10 9 19 231 180
10 11 19 230 203
10 12 3 493 309
10 13 8 132 515
10 14 19 302 263
10 15 7 274 163
10 16 8 306 109
10 18 12 436 123
11 1 2 267 514
11 2 15 220 287
11 3 7 445 199
11 4 2 424 211
11 5 11 253 442
11 10 13 162 410
11 13 2 405 253
11 14 8 481 523
11 16 6 180 289
11 18 14 458 429
12 0 1 387 142
12 5 20 394 451
12 7 16 409 329
12 9 12 104 506
12 10 3 325 159
12 11 14 221 242
12 13 6 468 409
12 14 16 247 408
12 15 3 370 236
12 17 3 257 362
12 18 11 308 193
12 19 6 160 376
13 0 17 110 453
13 2 20 222 235
13 3 7 352 63
13 4 4 373 216
13 5 20 126 327
13 6 10 450 75
13 7 15 145 310
13 8 1 445 147
13 10 3 451 153
13 11 8 245 60
13 14 17 247 96
13 17 20 388 507
13 18 17 185 498
13 19 11 236 410
14 1 17 140 396
14 2 15 389 114
14 3 3 421 289
14 4 2 486 355
14 5 5 353 349
14 6 11 198 281
14 7 6 357 263
14 8 16 338 87
14 9 12 257 55
14 10 13 296 499
14 11 10 460 346
14 12 2 438 440
14 15 18 470 514
14 16 5 439 133
14 17 1 451 301
14 18 7 469 396
14 19 4 320 210
15 0 4 375 443
15 1 13 427 69
15 2 20 201 94
15 3 19 172 190
15 4 14 164 126
15 7 5 231 400
15 8 20 486 347
15 9 9 397 447
15 11 9 207 51
15 12 4 227 343
15 17 8 226 50
15 19 3 492 361
16 2 9 331 395
16 4 6 498 324
16 6 15 321 403
16 7 3 458 463
16 9 18 253 228
16 10 8 349 288
16 11 9 306 268
16 12 10 205 299
16 18 9 205 497
16 19 10 392 492
17 3 7 296 173
17 7 9 367 282
17 8 3 272 82
17 9 18 135 376
17 10 1 303 230
17 11 13 185 428
17 12 19 373 110
17 15 8 409 373
17 16 4 433 49
17 19 6 193 279
18 3 6 111 449
18 4 12 264 486
18 8 8 115 471
18 9 12 490 166
18 11 18 428 55
18 13 18 133 60
18 15 6 285 229
19 3 17 191 197
19 4 18 145 66
19 5 19 399 322
19 6 19 318 356
19 7 1 431 206
19 8 9 439 363
19 10 16 229 384
19 11 17 100 392
19 14 20 241 228
19 15 15 273 148
19 16 7 439 120
19 18 4 127 499
END_ARCS
