NUM_NODES: 50
NUM_ARCS: 1491
NUM_SOURCES: 5
NUM_SINKS: 7

# Balanco dos nos (node_id b_i)
NODE_BALANCES
0 0
1 0
2 0
3 0
4 -222
5 0
6 0
7 0
8 0
9 0
10 0
11 0
12 -221
13 0
14 292
15 0
16 206
17 0
18 0
19 0
20 0
21 0
22 0
23 0
24 0
25 183
26 -236
27 -82
28 -140
29 0
30 272
31 0
32 -159
33 0
34 0
35 0
36 0
37 0
38 0
39 -118
40 0
41 0
42 0
43 0
44 0
45 0
46 225
47 0
48 0
49 0
END_NODE_BALANCES

# Dados dos arcos (i j c_ij f_ij w_ij)
ARCS
0 3 2 268 700
0 4 10 427 686
0 6 10 308 569
0 7 15 376 234
0 8 7 132 813
0 10 12 456 636
0 11 8 336 796
0 12 20 421 466
0 13 8 483 793
0 14 8 394 445
0 15 13 175 88
0 16 15 257 199
0 17 9 303 141
0 20 2 216 665
0 21 10 429 621
0 22 19 192 251
0 24 13 210 281
0 25 10 101 661
0 26 11 168 183
0 27 14 114 149
0 29 10 141 633
0 30 19 308 177
0 32 13 476 488
0 34 15 343 371
0 36 16 493 373
0 37 18 250 859
0 38 2 282 845
0 39 8 235 514
0 40 9 321 942
0 41 2 480 637
0 42 2 148 772
0 43 9 292 327
0 44 3 145 832
0 46 15 370 306
0 49 9 296 634
1 0 7 264 627
1 3 7 101 439
1 4 18 256 278
1 6 18 395 252
1 7 15 148 735
1 10 7 365 211
1 12 8 384 509
1 14 9 355 289
1 15 15 195 151
1 16 20 178 162
1 17 11 456 439
1 18 16 416 737
1 23 5 221 366
1 24 13 492 435
1 25 9 362 927
1 26 8 231 302
1 28 14 488 195
1 29 2 399 454
1 31 18 254 873
1 34 17 194 793
1 36 14 407 784
1 37 8 420 176
1 38 9 184 412
1 39 18 132 480
1 40 17 397 808
1 42 10 416 296
1 43 1 155 428
1 45 4 405 181
1 46 11 294 617
1 48 1 266 89
2 0 18 256 881
2 1 10 415 395
2 3 1 222 708
2 5 4 262 920
2 6 1 363 600
2 9 20 383 767
2 10 5 381 129
2 12 11 128 700
2 13 9 134 389
2 17 17 352 873
2 18 13 451 123
2 19 7 386 874
2 21 3 165 514
2 22 19 145 711
2 27 7 260 331
2 32 18 210 663
2 36 9 379 918
2 38 13 198 795
2 39 7 168 545
2 40 9 389 726
2 41 14 222 407
2 42 14 356 635
2 43 12 331 878
2 44 10 102 903
2 45 5 121 268
2 49 2 123 312
3 1 17 338 554
3 4 16 422 788
3 5 13 375 170
3 7 19 411 373
3 9 4 199 766
3 10 1 117 93
3 11 20 387 154
3 12 11 351 499
3 15 2 258 363
3 16 18 151 253
3 17 13 224 128
3 18 19 200 125
3 22 12 234 550
3 23 11 426 181
3 24 5 147 477
3 25 15 434 521
3 28 18 386 460
3 29 17 267 619
3 30 15 363 404
3 33 1 500 436
3 34 15 355 929
3 38 10 289 880
3 42 16 203 248
3 43 7 108 126
3 44 14 298 562
3 45 4 306 899
3 47 15 424 795
4 1 9 116 233
4 2 1 230 370
4 6 6 391 702
4 8 12 119 252
4 12 18 251 881
4 13 2 359 236
4 17 9 227 942
4 18 14 127 638
4 21 13 338 658
4 22 11 467 796
4 23 12 113 851
4 27 20 426 285
4 29 9 393 233
4 30 10 204 694
4 31 2 151 171
4 32 20 422 155
4 35 9 424 716
4 37 9 473 173
4 39 6 409 356
4 41 20 144 389
4 45 6 256 463
4 47 13 253 636
5 1 8 144 342
5 3 3 128 223
5 6 7 368 449
5 7 19 403 240
5 12 6 293 606
5 14 4 325 790
5 15 15 105 328
5 16 13 444 799
5 20 17 250 708
5 21 16 146 777
5 22 9 167 717
5 26 12 313 592
5 27 10 325 459
5 28 12 477 763
5 29 17 171 644
5 30 9 424 861
5 31 11 137 270
5 33 14 107 907
5 34 3 176 144
5 35 7 193 572
5 36 19 118 532
5 37 17 237 94
5 38 14 294 459
5 39 16 312 685
5 40 9 375 85
5 41 8 462 908
5 42 11 168 681
5 43 16 148 494
5 48 15 373 484
6 0 20 403 178
6 1 12 277 543
6 2 2 454 252
6 3 6 236 230
6 4 11 352 401
6 5 16 310 436
6 8 18 245 770
6 9 4 215 314
6 10 11 326 362
6 11 10 172 936
6 14 11 221 275
6 15 16 189 717
6 16 5 192 189
6 17 9 277 771
6 18 20 453 285
6 19 10 423 676
6 20 14 125 739
6 22 4 394 311
6 23 10 209 398
6 26 15 285 237
6 27 18 358 180
6 28 8 416 467
6 29 7 475 193
6 30 19 326 900
6 31 8 267 208
6 34 9 386 784
6 37 17 157 242
6 38 7 499 573
6 40 16 249 841
6 43 3 297 844
6 44 6 126 552
6 45 10 358 418
6 46 1 114 914
6 48 10 416 679
6 49 4 313 699
7 5 7 429 281
7 6 2 370 601
7 8 19 314 426
7 9 15 191 754
7 12 18 216 512
7 13 5 487 723
7 14 6 275 209
7 17 8 177 677
7 18 1 372 516
7 19 14 475 639
7 21 9 495 272
7 22 9 143 740
7 26 1 291 392
7 34 16 152 813
7 35 2 455 406
7 37 9 225 357
7 39 3 294 754
7 41 1 249 698
7 42 18 187 155
7 44 10 428 807
7 45 10 110 647
7 47 15 264 166
7 48 1 385 109
7 49 13 367 864
8 1 10 482 551
8 2 17 462 789
8 4 20 281 111
8 6 6 349 507
8 7 1 166 449
8 9 4 477 601
8 11 17 264 455
8 13 1 363 298
8 15 6 168 625
8 16 10 451 853
8 18 18 244 216
8 20 3 372 360
8 25 5 428 720
8 26 20 193 280
8 28 11 270 676
8 30 14 211 288
8 31 15 302 675
8 33 14 346 926
8 35 8 369 752
8 36 10 480 293
8 39 19 159 871
8 40 18 133 812
8 47 14 464 714
8 48 16 354 153
8 49 16 421 377
9 0 15 361 551
9 2 6 329 226
9 3 19 303 408
9 6 16 360 454
9 7 11 443 576
9 10 7 369 742
9 12 20 203 791
9 13 4 309 808
9 14 3 147 110
9 17 11 371 881
9 19 15 340 397
9 20 19 381 482
9 21 9 372 414
9 22 8 447 674
9 23 18 341 836
9 26 15 123 479
9 27 10 371 522
9 30 13 117 274
9 31 15 409 665
9 32 7 194 595
9 34 4 154 160
9 35 2 351 402
9 36 7 113 630
9 38 9 235 424
9 40 12 399 260
9 42 15 458 679
9 44 5 323 152
9 45 13 492 469
9 49 3 268 901
10 0 20 489 867
10 1 11 316 87
10 3 9 360 521
10 4 18 102 897
10 5 9 175 580
10 6 16 343 909
10 8 2 258 662
10 11 5 380 800
10 12 11 136 714
10 13 10 263 861
10 15 10 442 142
10 16 3 332 158
10 19 9 262 440
10 21 4 256 405
10 22 10 213 711
10 23 11 104 479
10 24 15 310 654
10 25 14 421 684
10 26 2 307 401
10 27 8 201 807
10 30 10 243 849
10 31 20 418 827
10 32 5 163 397
10 34 5 105 632
10 35 1 442 285
10 40 19 177 434
10 42 14 224 387
10 45 9 198 879
10 47 10 343 657
10 49 14 339 300
11 7 13 345 557
11 8 10 466 706
11 9 1 445 528
11 13 8 304 630
11 14 15 292 466
11 16 20 362 902
11 17 1 423 533
11 18 12 434 396
11 19 9 336 231
11 20 6 128 185
11 22 4 130 926
11 25 6 189 705
11 26 20 215 920
11 27 12 205 827
11 29 17 331 635
11 30 13 259 670
11 31 13 189 179
11 32 19 500 578
11 34 20 492 644
11 35 11 153 898
11 37 8 357 421
11 38 6 430 162
11 39 9 172 551
11 41 12 173 871
11 43 17 343 141
11 44 8 283 573
11 46 10 488 605
11 47 17 161 858
11 49 11 235 193
12 2 8 367 546
12 3 5 203 680
12 4 8 285 852
12 5 3 131 374
12 8 18 254 151
12 9 13 107 690
12 10 16 326 718
12 11 13 490 140
12 13 4 190 144
12 15 16 120 587
12 17 14 372 762
12 18 6 286 602
12 19 20 492 528
12 20 6 154 121
12 21 12 478 941
12 22 11 447 91
12 24 11 307 655
12 25 11 270 734
12 27 1 152 344
12 28 17 259 343
12 30 10 350 278
12 31 19 380 776
12 33 19 266 850
12 34 6 223 574
12 35 4 470 678
12 36 7 283 934
12 37 14 424 820
12 38 6 469 566
12 39 11 156 348
12 40 15 147 350
12 42 4 276 933
12 43 13 453 699
12 45 19 333 800
12 47 13 305 571
12 48 1 297 89
13 1 10 219 792
13 3 11 313 705
13 4 2 236 449
13 5 13 149 264
13 6 10 229 752
13 7 18 183 293
13 9 2 167 494
13 11 1 339 696
13 12 8 323 650
13 14 8 185 723
13 20 9 403 290
13 23 20 292 228
13 26 11 325 929
13 27 15 194 336
13 28 15 194 110
13 30 13 302 711
13 32 18 370 833
13 33 10 447 326
13 35 19 476 386
13 37 17 448 669
13 39 20 450 721
13 40 12 346 466
13 41 15 309 633
13 42 13 161 402
13 43 12 415 196
13 46 7 241 408
13 47 8 119 155
13 48 5 362 320
14 1 6 174 526
14 2 13 328 682
14 5 6 369 646
14 6 8 283 777
14 7 11 381 574
14 8 8 107 577
14 9 12 473 535
14 12 8 440 411
14 13 19 394 90
14 17 12 168 684
14 20 5 175 596
14 22 10 466 868
14 28 7 320 889
14 29 19 141 669
14 30 7 401 115
14 31 16 464 273
14 32 15 313 273
14 34 17 165 942
14 35 7 417 736
14 36 12 330 830
14 37 12 176 512
14 41 20 281 698
14 42 16 226 447
14 44 2 423 366
14 45 7 435 753
14 46 7 499 125
14 47 2 261 300
14 48 12 195 391
14 49 1 220 97
15 0 16 252 759
15 1 11 454 465
15 2 5 498 757
15 3 9 355 557
15 4 2 377 863
15 5 14 430 876
15 6 5 286 379
15 7 16 454 382
15 8 8 293 181
15 9 11 390 553
15 10 5 452 898
15 13 13 477 808
15 14 10 234 322
15 16 15 295 498
15 17 9 258 698
15 19 11 118 814
15 20 20 398 105
15 21 7 200 388
15 22 18 223 667
15 23 17 191 85
15 24 16 421 573
15 25 3 402 690
15 29 12 328 291
15 31 10 360 269
15 32 20 387 885
15 34 12 250 742
15 35 2 124 617
15 37 16 229 829
15 38 5 493 687
15 40 8 394 269
15 41 19 421 87
15 42 20 417 317
15 43 9 300 794
15 44 17 417 816
15 47 19 461 500
15 48 18 312 205
15 49 17 269 404
16 0 9 470 464
16 1 14 452 829
16 2 12 362 590
16 3 9 177 291
16 5 1 125 701
16 6 9 418 361
16 7 6 335 609
16 9 6 448 781
16 11 19 325 148
16 13 8 379 165
16 14 13 118 268
16 15 5 336 480
16 17 7 135 442
16 19 20 412 724
16 22 10 146 653
16 24 4 439 579
16 26 3 217 417
16 27 9 380 658
16 29 13 153 806
16 30 2 283 732
16 34 14 311 389
16 36 11 102 708
16 37 12 468 685
16 38 8 322 701
16 39 12 279 676
16 40 6 376 367
16 44 14 370 509
16 47 1 152 279
17 0 5 140 294
17 1 3 322 830
17 2 20 188 448
17 3 12 290 420
17 4 1 266 150
17 6 2 405 858
17 9 19 249 137
17 10 12 316 684
17 12 8 324 481
17 13 1 404 145
17 14 14 129 733
17 16 11 424 514
17 18 5 449 631
17 21 9 205 390
17 22 17 417 594
17 23 7 436 209
17 26 13 470 645
17 27 19 368 791
17 32 14 360 910
17 34 7 411 220
17 36 16 470 151
17 38 12 108 111
17 39 8 493 186
17 40 9 411 252
17 41 13 202 366
17 45 20 168 285
17 48 12 442 206
17 49 20 100 509
18 0 2 133 130
18 1 8 130 857
18 7 7 497 687
18 10 8 108 283
18 11 17 406 244
18 12 3 489 896
18 17 14 356 244
18 19 16 132 480
18 20 16 397 357
18 21 15 205 744
18 22 10 144 658
18 23 9 387 658
18 24 8 263 272
18 25 16 292 166
18 26 14 283 825
18 28 4 489 362
18 29 10 398 929
18 30 16 217 599
18 31 7 370 199
18 32 20 106 215
18 33 20 437 710
18 34 4 351 253
18 35 11 130 125
18 36 19 383 519
18 37 9 259 223
18 39 16 338 211
18 41 7 212 390
18 42 20 209 219
18 44 14 171 636
18 46 18 101 792
18 47 12 455 242
19 0 19 301 669
19 4 6 352 739
19 5 7 474 745
19 7 9 228 714
19 8 5 428 658
19 10 15 238 746
19 11 14 227 265
19 12 3 292 662
19 17 5 467 378
19 18 12 383 922
19 20 8 371 347
19 22 14 336 613
19 24 5 226 804
19 27 12 492 286
19 28 14 120 227
19 29 16 104 857
19 30 16 371 896
19 31 18 236 778
19 33 13 430 718
19 37 9 346 941
19 39 2 284 275
19 40 3 165 933
19 42 8 459 463
19 46 10 407 278
19 47 20 280 646
20 5 19 107 671
20 8 8 189 725
20 9 3 426 753
20 10 14 318 699
20 14 10 429 340
20 16 17 452 157
20 17 1 113 300
20 18 10 380 225
20 19 10 302 367
20 21 10 384 901
20 22 1 297 390
20 25 11 410 801
20 26 20 352 102
20 27 20 353 97
20 30 15 340 242
20 33 1 426 421
20 34 5 250 499
20 35 12 142 203
20 38 19 115 362
20 40 15 460 439
20 41 5 452 258
20 42 15 308 111
20 43 16 143 553
20 44 1 175 667
20 46 14 405 426
20 47 19 178 631
20 48 16 373 223
20 49 20 474 146
21 0 14 221 660
21 2 3 356 670
21 3 11 311 379
21 4 15 400 345
21 8 5 357 171
21 9 6 123 98
21 11 8 327 301
21 12 4 483 398
21 13 9 423 902
21 22 13 439 360
21 23 9 179 189
21 24 11 359 261
21 27 14 254 622
21 31 14 132 152
21 33 17 222 376
21 34 8 497 680
21 36 20 377 210
21 37 19 417 496
21 38 20 175 398
21 39 5 164 755
21 40 12 485 187
21 42 10 410 520
21 43 5 452 204
21 44 2 188 165
21 47 18 478 253
22 2 15 289 94
22 3 9 482 668
22 4 14 322 400
22 7 2 304 515
22 10 19 460 831
22 14 3 118 440
22 15 3 112 760
22 16 16 276 531
22 20 11 254 311
22 23 13 157 910
22 24 10 303 460
22 26 5 101 189
22 27 13 430 790
22 28 2 425 668
22 32 1 304 719
22 34 1 124 876
22 38 12 389 225
22 39 7 486 489
22 42 13 190 220
22 43 10 422 255
22 44 14 253 196
22 46 11 405 311
22 47 14 277 640
22 48 15 480 664
22 49 16 293 194
23 3 10 322 126
23 4 15 152 202
23 5 15 417 501
23 6 11 372 549
23 8 19 233 197
23 10 19 478 820
23 12 1 331 693
23 14 18 299 840
23 15 15 391 501
23 16 9 251 831
23 17 13 159 863
23 18 4 467 837
23 19 19 145 111
23 20 1 376 692
23 21 8 408 140
23 25 4 260 257
23 26 16 207 108
23 27 17 404 842
23 28 11 446 857
23 29 8 214 145
23 31 17 364 577
23 32 19 136 707
23 33 11 272 658
23 34 13 241 886
23 35 15 439 786
23 36 5 374 144
23 37 7 445 619
23 44 3 171 885
23 45 14 372 939
23 46 15 468 259
23 47 20 289 573
24 1 18 382 175
24 4 16 156 733
24 5 6 140 574
24 11 15 201 102
24 12 3 153 690
24 13 12 215 770
24 15 16 160 686
24 16 7 219 617
24 18 5 100 441
24 19 9 491 815
24 26 17 336 753
24 27 4 337 363
24 29 5 423 681
24 30 15 276 120
24 31 18 442 763
24 36 5 377 327
24 37 4 222 313
24 38 19 386 291
24 39 8 277 793
24 40 14 432 922
24 41 19 457 768
24 42 18 261 190
24 43 5 376 617
24 44 7 321 773
24 46 4 335 601
24 48 1 272 891
25 2 14 196 97
25 3 9 406 824
25 4 11 112 704
25 5 11 103 454
25 7 6 462 282
25 8 9 297 123
25 9 17 272 195
25 10 9 198 551
25 11 17 349 421
25 12 7 377 338
25 15 20 266 598
25 18 3 286 895
25 20 5 268 941
25 24 10 479 855
25 30 1 388 875
25 33 15 458 329
25 34 1 365 791
25 36 20 298 526
25 42 20 430 250
25 44 15 359 857
25 45 3 297 277
25 46 9 188 686
25 47 2 213 801
25 48 13 348 140
26 0 6 365 121
26 1 18 278 450
26 3 20 370 613
26 4 5 481 143
26 5 3 208 664
26 6 20 255 800
26 9 4 218 835
26 10 2 170 391
26 12 5 364 168
26 14 8 483 517
26 15 11 301 149
26 16 10 425 862
26 17 15 412 247
26 20 14 329 413
26 21 8 392 519
26 22 12 281 725
26 25 2 177 715
26 27 14 471 315
26 29 16 434 450
26 31 17 374 564
26 33 4 377 793
26 35 17 467 172
26 37 7 174 870
26 39 20 453 237
26 40 17 214 435
26 41 4 119 148
26 42 14 410 875
26 43 10 201 909
26 45 17 473 568
26 46 18 306 532
26 47 8 469 680
26 48 16 341 558
26 49 9 428 179
27 0 4 351 793
27 1 15 300 883
27 2 6 221 584
27 3 17 150 380
27 5 19 298 367
27 6 3 375 475
27 8 16 346 399
27 10 9 422 941
27 11 2 301 581
27 13 14 187 198
27 14 10 247 490
27 15 10 126 607
27 16 20 414 474
27 17 4 192 147
27 18 8 140 554
27 19 12 218 695
27 20 14 175 404
27 21 4 109 99
27 22 6 270 650
27 24 18 333 395
27 25 19 308 937
27 26 5 303 539
27 28 13 225 582
27 29 6 273 572
27 30 9 423 193
27 32 16 152 845
27 33 11 194 741
27 34 2 329 542
27 36 5 412 601
27 37 15 365 590
27 38 10 324 655
27 39 11 231 861
27 41 16 208 535
27 42 17 411 530
27 43 3 102 801
27 44 16 304 302
27 45 5 481 384
27 46 12 136 745
27 47 6 430 756
27 48 6 189 548
28 1 10 380 553
28 2 10 295 834
28 3 17 355 931
28 5 16 164 761
28 8 5 425 679
28 9 12 441 609
28 11 7 488 485
28 12 5 485 388
28 17 7 500 713
28 18 10 148 891
28 20 8 136 834
28 22 2 271 289
28 24 2 356 577
28 26 9 446 634
28 27 5 354 416
28 29 7 421 353
28 30 10 172 796
28 31 4 404 682
28 33 5 175 571
28 35 10 486 890
28 37 17 147 362
28 38 1 220 758
28 44 11 443 102
28 45 11 381 937
28 48 7 185 786
28 49 7 171 399
29 0 5 437 553
29 4 12 302 887
29 5 7 199 835
29 6 8 488 531
29 7 14 469 747
29 9 6 358 746
29 11 13 306 260
29 12 12 477 294
29 14 9 331 381
29 16 18 472 768
29 17 11 477 666
29 18 7 365 590
29 19 4 114 769
29 20 15 103 185
29 23 5 196 331
29 26 1 418 659
29 28 15 203 576
29 30 5 132 474
29 33 17 467 771
29 35 16 466 838
29 36 9 406 465
29 38 11 266 707
29 39 12 449 352
29 40 9 196 758
29 41 16 423 255
29 42 13 142 636
29 43 16 191 224
29 44 1 396 874
29 45 16 372 466
29 47 10 124 300
29 48 5 449 742
29 49 13 452 845
30 0 4 122 510
30 3 1 306 129
30 7 17 293 543
30 8 1 400 428
30 9 14 303 786
30 10 10 382 825
30 12 5 270 298
30 13 17 124 129
30 14 8 371 324
30 15 9 328 559
30 16 1 270 942
30 18 20 459 331
30 19 17 318 822
30 21 9 156 572
30 22 15 284 623
30 23 11 283 534
30 24 9 400 494
30 25 9 331 369
30 26 9 223 850
30 27 13 243 859
30 28 16 274 332
30 29 20 300 317
30 31 7 300 412
30 32 10 386 600
30 34 13 303 781
30 35 15 433 692
30 38 10 483 699
30 40 15 158 435
30 41 19 425 336
30 42 19 331 532
30 43 12 150 625
30 48 5 266 855
31 2 18 460 452
31 4 12 385 523
31 6 8 185 911
31 7 5 323 597
31 9 13 209 751
31 14 17 247 534
31 16 6 485 299
31 19 17 172 116
31 20 7 149 928
31 21 12 381 648
31 25 11 130 548
31 30 2 198 524
31 32 3 120 598
31 33 2 387 302
31 35 4 135 940
31 37 2 100 356
31 38 17 498 372
31 41 17 253 794
31 42 1 300 725
31 44 19 187 574
31 46 4 275 900
32 0 2 198 761
32 1 10 410 558
32 2 12 138 764
32 4 18 203 923
32 5 19 339 296
32 8 12 450 485
32 9 4 447 562
32 10 5 307 663
32 11 17 194 124
32 12 8 480 195
32 13 8 330 452
32 15 16 376 673
32 16 18 444 746
32 17 3 286 181
32 18 6 141 799
32 19 13 162 99
32 20 16 185 135
32 21 17 211 613
32 24 1 426 875
32 26 6 355 138
32 30 7 455 298
32 31 7 467 713
32 33 3 155 740
32 35 5 407 380
32 37 11 427 535
32 38 18 401 607
32 39 14 224 616
32 40 18 320 547
32 41 10 295 706
32 42 1 488 616
32 43 6 148 617
32 44 3 169 542
32 46 1 105 767
32 47 8 266 264
32 48 10 473 209
33 1 11 492 372
33 2 6 474 423
33 3 3 411 878
33 5 16 202 830
33 6 5 490 417
33 7 3 200 252
33 9 6 146 227
33 10 5 159 128
33 12 16 322 224
33 13 1 461 111
33 14 20 203 557
33 15 3 398 723
33 19 19 255 300
33 21 8 159 652
33 24 8 284 620
33 32 12 438 413
33 37 20 307 568
33 38 4 316 277
33 39 15 349 776
33 41 18 482 304
33 42 7 475 196
33 45 20 353 401
33 46 8 466 392
33 48 17 481 432
34 0 13 294 787
34 1 12 275 757
34 2 2 146 761
34 3 2 363 754
34 4 2 208 756
34 5 1 206 463
34 8 7 292 599
34 10 11 105 922
34 13 1 336 927
34 14 2 436 261
34 15 6 112 230
34 16 19 159 699
34 17 4 192 235
34 19 1 236 787
34 21 19 189 434
34 22 10 432 543
34 24 4 192 809
34 26 4 168 610
34 28 3 357 559
34 30 1 161 905
34 33 9 464 911
34 37 6 319 379
34 38 4 317 615
34 40 3 475 234
34 41 14 104 480
34 43 17 218 393
34 44 13 354 296
34 46 13 116 105
34 49 17 291 853
35 0 17 465 338
35 1 1 413 272
35 3 4 382 581
35 4 17 315 581
35 7 7 355 817
35 8 20 302 635
35 9 4 388 445
35 10 1 239 349
35 13 7 479 398
35 14 1 307 531
35 15 18 450 683
35 19 3 113 281
35 20 14 213 551
35 21 7 393 503
35 22 9 194 368
35 24 4 428 575
35 27 6 246 202
35 29 1 372 618
35 31 17 415 842
35 32 2 158 431
35 36 6 239 869
35 38 7 242 346
35 40 17 429 100
35 41 12 451 361
35 42 20 334 231
35 46 8 285 783
35 47 20 402 406
36 0 15 107 904
36 1 3 323 638
36 3 5 484 219
36 4 6 272 795
36 7 2 149 93
36 9 9 355 473
36 11 3 357 478
36 12 2 443 386
36 13 17 462 248
36 16 14 467 369
36 17 2 203 858
36 19 9 308 382
36 20 15 221 770
36 22 2 315 462
36 26 16 400 114
36 27 6 145 485
36 28 2 403 271
36 29 1 203 818
36 31 3 260 781
36 32 15 218 131
36 33 6 495 270
36 37 20 392 719
36 38 19 366 523
36 40 17 270 155
36 41 6 437 543
36 42 6 184 825
36 43 14 217 617
36 44 13 322 934
36 48 14 220 267
37 0 17 162 751
37 2 1 157 815
37 3 4 125 647
37 4 10 211 715
37 6 18 244 737
37 7 1 267 516
37 9 20 127 902
37 10 1 119 540
37 12 6 165 572
37 13 11 485 556
37 14 8 193 940
37 15 4 311 255
37 17 11 296 557
37 18 16 362 122
37 20 10 421 883
37 22 15 340 618
37 23 11 376 211
37 24 9 105 591
37 25 7 244 462
37 27 19 426 336
37 28 16 493 710
37 29 5 456 565
37 30 1 361 375
37 31 18 232 857
37 33 20 262 933
37 34 14 351 330
37 35 20 202 144
37 36 18 269 296
37 39 1 374 473
37 40 5 248 453
37 41 13 426 295
37 42 3 451 791
37 44 1 262 320
37 45 17 331 779
37 46 3 123 452
37 47 14 205 570
37 49 15 487 866
38 0 1 252 914
38 1 6 324 312
38 2 11 267 111
38 7 4 445 582
38 8 7 273 469
38 9 3 123 319
38 11 8 439 705
38 12 12 468 587
38 13 8 293 284
38 17 15 299 724
38 18 15 467 760
38 20 15 297 323
38 25 15 463 277
38 27 2 258 849
38 28 11 343 455
38 29 8 231 435
38 30 12 213 356
38 34 20 256 526
38 35 15 101 164
38 36 1 338 872
38 37 12 221 520
38 39 12 134 599
38 41 12 241 110
38 42 13 376 670
38 43 15 263 683
38 44 12 137 458
38 45 8 174 347
38 46 19 434 488
38 47 16 324 896
38 48 11 306 422
38 49 3 183 315
39 1 19 307 148
39 3 15 166 766
39 4 10 131 809
39 5 9 208 556
39 9 19 261 459
39 10 5 436 238
39 12 10 281 601
39 15 13 447 865
39 17 20 463 109
39 19 19 365 126
39 20 11 205 98
39 23 18 178 203
39 24 13 185 261
39 26 17 185 321
39 27 4 397 146
39 28 6 401 467
39 30 16 171 842
39 31 14 414 443
39 32 14 148 329
39 33 1 491 531
39 34 17 385 522
39 36 5 316 162
39 38 11 354 720
39 40 11 323 295
39 42 16 465 376
39 43 11 301 791
39 44 11 247 761
39 45 17 304 137
39 46 16 331 261
39 47 8 471 666
39 49 12 162 428
40 1 6 117 230
40 2 3 461 879
40 3 16 459 616
40 4 8 451 295
40 7 14 279 912
40 8 18 127 182
40 9 9 394 551
40 10 12 421 782
40 12 16 409 509
40 13 19 416 202
40 15 16 154 308
40 16 16 218 238
40 17 6 169 806
40 19 2 204 136
40 22 13 348 622
40 23 19 474 154
40 24 2 412 544
40 26 18 244 141
40 27 4 388 799
40 28 16 104 491
40 29 12 295 110
40 30 12 352 313
40 31 11 187 760
40 35 14 224 939
40 36 3 464 275
40 37 7 294 220
40 38 10 465 702
40 39 20 187 789
40 41 3 398 350
40 42 2 412 566
40 43 15 405 478
40 47 15 395 715
40 48 13 162 569
40 49 11 177 677
41 1 19 246 224
41 2 12 493 386
41 3 8 469 623
41 4 14 216 460
41 5 13 114 880
41 6 17 316 387
41 7 19 495 729
41 8 9 323 866
41 9 5 275 808
41 10 13 168 890
41 11 9 478 290
41 12 5 134 499
41 13 2 343 349
41 14 15 202 544
41 15 3 328 592
41 16 17 182 440
41 18 17 409 557
41 19 17 421 513
41 21 6 435 138
41 22 17 192 564
41 24 10 294 721
41 26 18 126 925
41 28 3 333 452
41 29 13 338 155
41 30 12 181 423
41 31 18 148 519
41 32 16 483 520
41 35 17 347 416
41 38 13 242 442
41 39 6 117 118
41 40 5 235 299
41 42 5 287 380
41 43 14 198 770
41 45 5 356 658
41 46 1 194 681
41 47 3 213 873
41 48 5 250 239
42 1 9 492 171
42 3 16 174 189
42 5 16 426 305
42 6 11 471 904
42 8 16 304 261
42 9 16 146 272
42 10 16 196 593
42 11 3 219 599
42 12 5 358 532
42 13 18 223 343
42 15 15 172 718
42 17 12 232 462
42 18 10 102 182
42 20 2 482 455
42 21 12 120 191
42 22 14 161 376
42 24 13 440 438
42 25 17 357 279
42 29 20 358 443
42 30 11 130 549
42 31 17 268 851
42 32 14 228 430
42 33 4 414 247
42 34 13 296 804
42 35 9 127 675
42 36 9 168 144
42 37 9 295 180
42 38 14 151 110
42 40 14 496 240
42 41 17 440 472
42 43 2 127 861
42 44 11 430 298
42 46 3 473 579
42 47 8 466 448
42 48 9 139 297
42 49 10 251 872
43 2 3 291 902
43 3 19 329 822
43 4 2 499 337
43 5 4 117 762
43 9 14 166 173
43 11 20 324 760
43 15 11 459 468
43 17 7 393 568
43 19 4 440 759
43 20 10 377 296
43 21 19 412 848
43 22 7 114 133
43 23 20 400 909
43 24 2 412 603
43 25 20 322 764
43 26 5 279 830
43 27 6 123 192
43 28 4 391 476
43 29 2 145 447
43 31 7 305 464
43 33 5 212 786
43 36 15 304 830
43 37 13 411 860
43 39 11 228 100
43 40 17 430 641
43 41 16 393 920
43 45 4 461 750
43 46 17 463 529
43 48 7 168 102
43 49 6 287 881
44 1 5 201 505
44 2 4 240 464
44 4 19 406 930
44 5 4 109 617
44 7 14 479 596
44 10 5 376 645
44 11 1 352 689
44 12 4 332 788
44 13 16 303 740
44 14 9 214 717
44 18 11 222 326
44 19 10 495 204
44 21 16 496 933
44 22 12 297 443
44 23 19 130 347
44 25 9 139 360
44 27 2 487 710
44 30 5 328 306
44 31 14 255 375
44 32 7 274 822
44 33 18 310 729
44 34 10 294 305
44 35 4 265 467
44 37 1 272 634
44 40 13 365 686
44 41 4 172 456
44 45 1 209 255
44 46 16 433 573
44 47 17 314 704
44 48 11 475 427
44 49 7 243 879
45 0 19 357 259
45 2 17 309 343
45 3 2 379 544
45 4 19 170 746
45 7 5 252 163
45 8 14 387 218
45 9 12 252 339
45 10 17 186 184
45 11 17 242 91
45 13 1 124 730
45 14 19 268 681
45 15 14 390 242
45 16 8 275 738
45 17 3 281 225
45 19 19 121 709
45 20 17 453 90
45 21 15 463 697
45 22 1 126 372
45 23 4 298 193
45 24 12 227 532
45 25 19 411 707
45 26 10 388 593
45 29 9 272 608
45 30 14 495 448
45 31 1 465 211
45 32 13 421 787
45 33 16 213 811
45 34 18 446 863
45 36 11 139 254
45 37 15 218 238
45 39 6 410 502
45 40 9 215 360
45 41 3 206 597
45 42 12 250 419
45 46 6 313 84
45 48 19 114 371
46 0 3 374 867
46 1 2 390 343
46 3 20 365 210
46 4 13 454 768
46 5 1 155 655
46 9 3 244 574
46 11 13 322 659
46 12 9 223 700
46 14 7 305 414
46 16 5 414 318
46 17 5 162 752
46 20 10 370 164
46 21 20 121 415
46 25 8 234 686
46 27 3 219 338
46 28 1 312 597
46 31 15 388 540
46 33 11 365 864
46 34 5 101 934
46 36 19 294 513
46 37 14 230 659
46 38 14 305 743
46 41 7 423 883
46 43 6 106 686
46 44 10 221 256
46 48 12 276 770
46 49 12 141 85
47 0 14 343 126
47 1 10 231 499
47 3 7 484 456
47 6 7 250 683
47 7 9 400 429
47 12 8 354 490
47 13 12 433 825
47 14 20 250 522
47 16 15 294 264
47 17 18 491 862
47 19 12 316 751
47 20 6 101 153
47 21 5 483 787
47 22 4 169 700
47 23 17 232 580
47 24 9 160 387
47 26 10 418 486
47 27 3 192 259
47 29 10 354 404
47 30 19 332 296
47 31 10 379 706
47 34 9 414 263
47 35 4 410 516
47 39 19 111 225
47 40 8 262 258
47 42 15 301 229
47 43 20 283 341
47 44 6 296 148
47 45 15 174 325
47 48 19 366 749
47 49 10 122 136
48 1 4 163 377
48 2 8 268 650
48 4 20 206 765
48 5 2 442 350
48 6 17 434 105
48 7 1 483 514
48 8 5 267 911
48 9 7 158 379
48 10 6 208 393
48 11 4 179 797
48 13 2 476 465
48 14 17 265 789
48 18 7 395 895
48 19 2 274 408
48 21 8 494 88
48 22 1 190 552
48 23 15 246 499
48 25 14 431 787
48 27 8 348 293
48 30 3 429 103
48 31 20 244 138
48 35 9 283 859
48 36 5 121 916
48 37 11 167 532
48 38 10 404 658
48 40 17 369 510
48 41 4 351 366
48 42 4 250 501
48 43 5 144 592
48 44 7 397 555
48 45 14 249 811
48 47 17 450 664
48 49 7 313 814
49 0 17 469 273
49 3 14 292 351
49 7 13 151 562
49 8 18 341 918
49 10 19 475 758
49 11 5 463 885
49 14 18 135 904
49 15 2 231 792
49 17 20 346 230
49 18 7 284 450
49 19 9 309 200
49 20 7 462 673
49 21 15 400 278
49 23 16 174 151
49 24 19 208 710
49 25 9 500 411
49 26 19 154 747
49 27 5 332 146
49 32 19 350 692
49 33 11 309 901
49 34 3 104 446
49 35 17 273 171
49 42 4 339 255
49 43 14 337 106
49 44 3 353 833
49 46 3 292 357
49 47 11 144 362
49 48 19 129 839
END_ARCS
