NUM_NODES: 80
NUM_ARCS: 2558
NUM_SOURCES: 10
NUM_SINKS: 15

# Balanco dos nos (node_id b_i)
NODE_BALANCES
0 0
1 0
2 0
3 0
4 0
5 0
6 0
7 0
8 0
9 0
10 0
11 0
12 0
13 0
14 174
15 -53
16 0
17 168
18 0
19 163
20 126
21 0
22 0
23 -192
24 0
25 0
26 -149
27 0
28 0
29 0
30 178
31 0
32 0
33 287
34 0
35 0
36 0
37 0
38 -193
39 -135
40 0
41 0
42 -158
43 -62
44 0
45 0
46 -95
47 0
48 129
49 0
50 -8
51 0
52 0
53 0
54 0
55 0
56 0
57 203
58 -38
59 0
60 0
61 0
62 -158
63 0
64 0
65 0
66 -63
67 0
68 -189
69 -17
70 150
71 -177
72 0
73 0
74 0
75 0
76 109
77 0
78 0
79 0
END_NODE_BALANCES

# Dados dos arcos (i j c_ij f_ij w_ij)
ARCS
0 5 4 448 1048
0 14 14 403 991
0 15 20 214 267
0 17 8 481 627
0 20 18 379 602
0 21 4 131 529
0 24 8 456 576
0 28 5 413 504
0 29 19 485 619
0 30 10 122 477
0 34 7 498 117
0 35 16 456 1209
0 38 20 337 811
0 39 11 439 491
0 43 18 454 1144
0 44 2 242 1046
0 46 13 425 1083
0 47 17 221 552
0 51 16 470 536
0 54 7 199 113
0 55 1 416 493
0 60 6 277 757
0 61 12 483 399
0 62 16 155 1063
0 65 8 265 1040
0 66 1 322 558
0 67 17 405 1243
0 70 5 147 1009
0 71 17 436 210
0 73 13 347 850
0 77 3 157 99
0 78 19 390 898
0 79 19 258 776
1 0 19 231 1111
1 4 9 365 1085
1 6 7 315 508
1 12 9 183 962
1 15 8 238 744
1 16 5 307 549
1 21 3 230 195
1 27 18 160 189
1 28 6 136 471
1 34 11 192 1052
1 35 16 309 1131
1 38 12 336 594
1 39 15 419 773
1 40 1 358 84
1 49 7 325 1025
1 50 5 186 214
1 53 5 322 1239
1 55 15 111 260
1 56 7 136 794
1 57 8 284 738
1 58 2 200 422
1 61 8 103 178
1 62 1 271 164
1 63 2 249 518
1 66 8 115 942
1 67 17 399 1124
1 70 1 395 1168
1 71 10 313 61
1 72 18 293 965
1 73 20 362 646
1 77 16 327 981
2 1 2 372 1112
2 3 5 476 471
2 5 15 399 1044
2 6 1 261 970
2 7 9 342 142
2 8 16 376 461
2 10 19 125 273
2 13 17 321 212
2 14 18 331 1104
2 17 20 468 486
2 20 2 296 1288
2 21 17 100 521
2 22 17 264 464
2 26 2 495 608
2 29 4 235 223
2 32 1 177 118
2 34 19 175 83
2 39 8 185 722
2 45 7 270 772
2 47 15 343 147
2 49 2 308 143
2 51 2 479 1255
2 52 16 126 943
2 54 16 344 697
2 55 2 193 599
2 60 5 483 706
2 64 18 174 85
2 65 7 371 1133
2 66 10 114 60
2 67 13 242 258
2 68 15 469 1039
2 70 10 253 1112
2 71 17 408 549
2 72 19 192 57
2 77 5 311 1117
2 79 20 467 865
3 4 17 291 978
3 14 6 165 317
3 16 5 452 1296
3 17 14 190 98
3 22 8 301 384
3 24 4 433 105
3 29 1 213 1231
3 30 11 259 1129
3 31 8 315 584
3 32 20 159 247
3 35 2 274 120
3 38 14 150 1296
3 39 11 131 711
3 45 8 307 1152
3 46 9 278 933
3 47 20 348 1259
3 48 14 416 1227
3 49 18 207 620
3 53 18 499 617
3 60 13 306 678
3 63 10 124 634
3 65 9 217 375
3 66 10 288 64
3 67 13 461 354
3 69 6 205 970
3 77 10 277 1062
3 78 7 289 1271
3 79 18 493 705
4 5 1 481 1306
4 6 16 486 732
4 9 17 306 1085
4 11 11 320 177
4 12 1 326 157
4 15 8 233 318
4 16 14 292 675
4 17 16 107 802
4 25 1 304 674
4 26 20 344 1074
4 27 9 436 969
4 28 15 411 495
4 29 4 128 389
4 30 10 462 774
4 31 9 372 908
4 32 4 238 927
4 34 7 163 1253
4 40 15 472 668
4 43 10 394 699
4 44 18 246 1175
4 47 14 317 206
4 50 13 484 484
4 54 11 262 552
4 56 13 497 144
4 58 14 271 910
4 61 2 380 88
4 63 6 407 990
4 64 3 422 878
4 67 19 349 318
4 68 5 443 923
4 73 10 186 333
4 74 2 130 1241
4 76 15 119 1219
4 77 6 269 217
5 2 6 462 463
5 6 13 147 374
5 9 11 379 301
5 10 3 176 358
5 13 5 483 1341
5 16 19 391 466
5 20 18 238 592
5 25 11 237 573
5 26 5 491 1113
5 36 10 202 723
5 42 9 301 537
5 52 17 383 331
5 53 9 260 973
5 55 17 259 968
5 58 20 308 176
5 60 5 181 339
5 64 20 413 597
5 65 6 442 214
5 68 11 169 623
5 70 18 487 641
5 71 18 190 604
5 72 5 152 1125
5 73 20 225 710
5 75 5 328 791
5 76 14 232 1315
5 77 2 268 164
6 2 10 229 352
6 4 10 222 674
6 7 4 269 706
6 11 14 495 1082
6 12 3 268 474
6 20 19 500 1344
6 24 19 380 482
6 29 2 408 704
6 30 16 404 1206
6 32 8 131 1225
6 34 6 180 213
6 40 8 340 630
6 41 19 210 133
6 44 10 267 423
6 45 20 432 355
6 46 6 257 275
6 47 3 273 1028
6 48 8 213 976
6 51 6 137 1207
6 52 16 121 656
6 57 5 270 536
6 63 12 258 1206
6 64 19 155 1163
6 65 18 163 874
6 68 16 265 379
6 72 14 341 57
6 74 15 347 359
6 75 6 337 369
6 77 13 347 359
7 1 13 346 936
7 2 18 100 477
7 3 2 411 357
7 4 11 382 434
7 9 1 414 882
7 10 3 349 743
7 11 7 377 322
7 12 3 395 683
7 13 16 401 409
7 18 10 310 219
7 23 16 467 562
7 24 20 304 1205
7 32 13 110 733
7 33 19 309 725
7 34 19 469 935
7 35 7 341 445
7 36 8 364 955
7 44 17 336 741
7 45 9 494 695
7 49 17 405 1110
7 51 11 309 1044
7 56 14 463 312
7 63 20 348 243
7 66 16 197 183
7 72 17 251 300
7 74 16 251 581
7 75 13 380 411
8 2 10 128 687
8 5 6 377 384
8 6 4 414 372
8 10 15 239 307
8 12 15 489 155
8 13 14 300 1059
8 14 20 456 874
8 15 2 256 62
8 16 7 357 629
8 17 15 206 705
8 24 12 221 857
8 28 15 255 898
8 30 9 478 671
8 32 13 122 1180
8 37 5 462 67
8 40 9 384 332
8 42 1 194 270
8 45 13 197 1273
8 48 15 284 610
8 51 13 369 690
8 52 10 428 162
8 54 2 245 58
8 64 8 239 297
8 67 2 444 274
8 70 5 120 92
8 72 12 110 961
8 73 15 230 418
8 77 6 196 697
8 79 17 408 699
9 0 15 305 973
9 1 16 451 596
9 2 11 335 792
9 5 11 145 738
9 11 8 324 1233
9 14 6 436 764
9 15 19 159 1032
9 18 10 264 749
9 19 20 148 1084
9 22 19 189 1036
9 25 12 330 339
9 26 16 311 251
9 30 5 402 267
9 32 13 166 572
9 33 8 485 378
9 35 6 466 1002
9 36 18 138 860
9 39 13 262 1307
9 40 18 318 1009
9 50 17 331 771
9 53 6 215 1081
9 59 17 375 68
9 63 16 373 398
9 64 19 370 123
9 65 3 137 277
9 66 17 441 899
9 68 4 207 1065
9 69 1 248 1305
9 70 20 144 1119
9 79 18 491 182
10 4 1 224 864
10 5 11 335 1339
10 11 16 392 999
10 14 20 156 596
10 15 2 439 1261
10 16 17 347 89
10 18 8 270 176
10 19 14 412 518
10 20 2 426 535
10 24 15 367 1190
10 27 15 166 1071
10 28 1 142 505
10 32 4 202 652
10 33 19 314 248
10 34 17 242 476
10 36 14 131 1075
10 38 10 355 148
10 43 1 270 801
10 45 20 171 656
10 49 19 157 1186
10 51 13 267 85
10 54 16 364 450
10 56 3 361 403
10 57 6 388 441
10 58 13 371 537
10 59 18 351 1057
10 66 9 482 780
10 67 14 321 1265
10 70 18 322 866
10 72 20 257 207
10 74 7 136 1284
10 77 1 139 1177
10 78 8 231 443
10 79 10 499 97
11 8 19 192 782
11 10 18 168 1183
11 13 5 393 865
11 14 9 361 1221
11 16 18 209 1195
11 17 10 115 168
11 19 14 365 1143
11 21 18 460 428
11 24 8 268 291
11 27 16 316 369
11 29 16 488 140
11 30 8 176 932
11 35 20 452 206
11 36 20 153 660
11 37 12 268 1033
11 39 3 166 785
11 42 13 174 285
11 43 4 401 631
11 44 11 448 195
11 47 18 310 504
11 53 18 358 1314
11 54 6 301 491
11 57 13 148 275
11 59 8 245 1186
11 64 9 329 736
11 65 4 220 983
11 66 7 347 517
11 69 13 234 764
11 72 19 456 948
11 73 10 347 410
11 75 9 153 151
11 77 8 154 1225
11 79 18 320 113
12 0 7 263 267
12 1 18 441 87
12 2 3 410 1202
12 3 11 260 1096
12 5 20 238 130
12 14 2 182 1020
12 19 3 178 197
12 21 1 108 1138
12 27 8 143 1164
12 30 18 479 518
12 32 17 430 1277
12 33 14 249 1333
12 34 4 238 818
12 35 4 486 474
12 38 10 377 1054
12 40 4 467 239
12 42 3 476 623
12 44 10 472 795
12 50 5 253 153
12 51 6 497 605
12 54 3 323 851
12 58 1 349 279
12 60 15 226 686
12 61 6 400 215
12 64 1 430 745
12 66 6 395 222
12 68 19 330 1044
12 69 13 340 471
12 72 11 284 972
12 74 2 418 877
13 0 13 249 956
13 6 2 433 795
13 12 3 485 973
13 15 2 113 694
13 16 11 155 120
13 20 4 247 871
13 22 6 211 1259
13 24 2 107 212
13 31 18 141 1183
13 32 5 268 157
13 33 8 292 831
13 36 12 267 964
13 37 17 190 250
13 39 5 103 1264
13 40 1 201 690
13 41 13 126 802
13 46 16 362 318
13 49 18 262 813
13 50 15 243 987
13 51 3 484 1219
13 52 20 192 1135
13 53 10 398 307
13 57 19 492 109
13 62 7 427 267
13 72 3 278 850
13 76 10 282 1255
14 3 1 280 829
14 4 16 409 1225
14 6 15 496 279
14 8 17 459 1108
14 10 15 123 971
14 12 20 422 982
14 13 13 400 1207
14 15 12 186 112
14 21 1 464 1204
14 22 10 320 1025
14 24 14 327 647
14 25 6 499 1231
14 27 17 129 1208
14 28 4 354 399
14 29 14 188 1159
14 32 11 493 950
14 34 16 180 611
14 36 15 217 1237
14 46 14 269 559
14 48 4 440 721
14 50 20 394 1172
14 53 3 246 307
14 54 16 481 987
14 56 5 252 824
14 57 3 284 242
14 61 5 110 328
14 63 5 190 377
14 66 18 414 1339
14 68 20 411 894
14 73 5 390 887
14 74 4 276 739
14 79 9 190 877
15 4 11 452 1266
15 11 6 197 1101
15 16 12 445 1269
15 17 2 239 1009
15 18 10 416 946
15 19 16 473 1183
15 24 19 248 199
15 29 19 214 863
15 31 2 500 881
15 32 17 223 201
15 35 17 400 1071
15 36 1 150 749
15 37 8 137 565
15 38 6 135 763
15 40 19 291 562
15 44 5 103 1063
15 47 1 393 210
15 52 10 482 1209
15 54 13 153 937
15 55 7 196 83
15 57 14 382 339
15 60 19 403 1008
15 61 6 278 157
15 62 7 161 336
15 64 18 280 509
15 65 20 454 762
15 66 7 385 862
15 73 12 195 911
15 75 18 407 1271
15 79 6 382 965
16 0 10 214 1111
16 1 4 269 215
16 2 7 260 296
16 3 16 487 987
16 4 1 436 1340
16 7 7 366 574
16 13 14 495 426
16 14 6 112 756
16 19 17 428 881
16 20 16 376 729
16 21 19 107 1291
16 22 7 353 313
16 23 2 245 202
16 24 18 265 483
16 29 12 170 251
16 30 16 393 487
16 32 4 202 1110
16 35 19 247 970
16 43 11 249 87
16 47 3 104 653
16 48 5 467 450
16 50 13 217 789
16 51 10 331 431
16 53 12 469 318
16 56 6 374 830
16 57 15 144 1033
16 59 8 130 1265
16 62 3 119 137
16 63 9 151 612
16 65 13 217 1121
16 67 2 212 641
16 72 16 485 716
16 74 10 174 502
16 75 7 215 968
16 79 17 443 98
17 1 2 420 1072
17 3 4 126 183
17 4 7 432 610
17 5 13 485 990
17 6 7 186 1312
17 7 10 438 529
17 9 9 241 1135
17 13 14 146 759
17 14 15 271 1198
17 18 2 339 517
17 20 19 312 1171
17 22 20 319 81
17 26 9 220 698
17 27 3 340 113
17 29 2 376 1045
17 31 4 365 1014
17 35 3 367 1038
17 38 1 422 1050
17 39 13 251 535
17 41 19 442 85
17 45 9 119 910
17 47 8 251 678
17 52 12 308 907
17 55 7 202 1275
17 59 1 229 415
17 64 1 151 441
17 68 14 113 442
17 69 16 356 128
17 75 7 430 1335
17 76 16 343 1214
18 0 19 313 346
18 1 20 488 1315
18 2 7 379 1089
18 4 7 362 266
18 5 13 129 573
18 6 7 368 1269
18 12 16 326 873
18 13 19 139 1235
18 19 17 290 182
18 24 18 173 1012
18 25 3 178 1348
18 26 19 395 1228
18 30 17 332 1057
18 34 20 401 1058
18 41 11 456 949
18 43 6 153 960
18 44 5 495 930
18 45 20 491 94
18 46 5 153 185
18 49 2 374 746
18 50 11 193 169
18 51 20 295 85
18 56 5 126 408
18 59 5 136 728
18 64 4 195 95
18 65 15 346 85
18 66 12 186 1261
18 67 1 252 1155
18 72 16 169 406
18 76 1 424 252
18 79 3 146 300
19 18 5 197 788
19 21 15 336 1269
19 23 8 412 465
19 26 13 112 875
19 29 20 173 361
19 30 18 453 990
19 33 7 322 338
19 37 10 231 598
19 40 7 469 1043
19 43 3 282 477
19 53 16 430 918
19 54 13 500 772
19 55 16 497 477
19 56 17 484 572
19 58 3 391 718
19 63 1 425 498
19 67 20 448 791
19 68 3 315 139
19 72 6 186 483
19 74 2 136 241
19 75 13 412 1175
19 76 18 119 1229
19 78 6 170 1262
20 3 19 126 1174
20 4 4 101 1253
20 6 18 352 1043
20 7 16 437 643
20 8 4 214 178
20 9 5 394 1018
20 11 9 191 1274
20 14 1 103 528
20 25 4 411 1187
20 26 15 272 124
20 27 14 392 1337
20 28 2 439 92
20 29 13 370 620
20 30 13 291 438
20 32 12 470 1186
20 44 13 106 335
20 49 16 258 1219
20 51 4 118 247
20 54 9 308 246
20 57 9 483 958
20 59 16 407 757
20 60 13 176 965
20 61 2 173 1034
20 64 3 231 778
20 65 13 496 267
20 66 12 353 897
20 67 16 251 974
20 74 1 361 1134
20 75 16 494 628
20 77 7 469 656
20 78 8 223 244
21 2 3 472 828
21 5 12 365 1112
21 6 9 445 785
21 7 6 231 1329
21 10 2 145 670
21 11 2 188 585
21 15 19 460 355
21 17 20 292 818
21 18 8 297 910
21 19 12 296 937
21 20 9 388 814
21 22 2 411 1049
21 25 6 493 953
21 29 8 222 304
21 30 18 142 484
21 32 5 348 230
21 33 14 306 222
21 34 13 386 1257
21 38 3 452 202
21 39 3 391 142
21 41 8 230 1053
21 45 18 106 623
21 48 10 326 878
21 49 2 413 1089
21 50 9 364 67
21 53 12 135 546
21 55 20 470 586
21 56 12 258 526
21 57 6 392 1184
21 61 16 338 158
21 62 8 276 1206
21 63 15 100 211
21 69 8 245 994
21 71 16 129 736
21 72 11 209 790
21 73 11 444 1032
21 75 3 446 1120
21 76 4 279 978
22 0 1 110 1023
22 4 3 101 1316
22 6 3 179 523
22 9 1 432 1025
22 10 9 430 1313
22 11 1 500 630
22 13 17 164 731
22 16 3 397 1176
22 17 2 197 1010
22 18 16 268 122
22 19 11 301 616
22 21 12 292 1240
22 27 10 237 599
22 28 4 410 436
22 30 15 377 856
22 34 18 254 651
22 35 3 290 1145
22 37 1 296 952
22 41 12 270 129
22 44 11 472 874
22 46 6 249 1317
22 47 10 300 676
22 48 12 304 685
22 50 3 425 458
22 51 2 121 941
22 53 12 374 661
22 57 17 423 496
22 58 19 172 127
22 60 8 118 329
22 63 6 130 622
22 65 8 303 537
22 74 6 443 481
22 76 8 306 525
23 6 15 480 755
23 9 6 210 213
23 10 9 448 965
23 16 12 227 467
23 20 15 262 1344
23 24 18 100 99
23 27 6 495 675
23 32 1 481 1013
23 33 5 232 499
23 34 9 257 340
23 39 11 485 1028
23 43 16 479 362
23 45 8 177 196
23 46 9 407 198
23 51 5 103 307
23 52 11 176 955
23 54 18 251 521
23 55 14 149 1259
23 59 3 159 433
23 60 9 498 103
23 61 12 140 583
23 62 2 364 736
23 64 1 439 112
23 65 8 300 286
23 66 13 217 582
23 71 9 144 885
23 72 15 163 588
23 74 1 254 800
23 76 13 188 1033
23 78 8 233 888
23 79 14 212 962
24 3 19 226 93
24 4 10 262 152
24 7 10 318 730
24 10 3 490 748
24 14 1 147 788
24 15 3 178 195
24 17 13 343 227
24 18 13 308 177
24 21 17 369 590
24 22 20 205 976
24 23 16 433 634
24 26 1 343 935
24 27 9 463 527
24 28 8 287 107
24 31 7 359 936
24 32 6 247 633
24 34 5 111 571
24 37 20 113 1185
24 38 6 341 1345
24 41 5 255 346
24 43 19 426 529
24 48 3 367 383
24 49 19 477 314
24 50 3 340 854
24 52 12 221 877
24 53 7 419 1161
24 54 19 281 1073
24 56 3 318 722
24 61 11 139 1309
24 65 20 461 1004
24 67 6 266 1048
24 69 16 349 694
24 72 1 382 189
24 74 2 467 211
24 75 14 244 1320
24 76 18 184 632
24 79 20 235 290
25 0 1 223 756
25 5 10 171 781
25 10 7 442 1342
25 11 7 423 322
25 13 4 282 905
25 17 2 364 679
25 19 5 282 224
25 20 9 181 522
25 24 16 182 807
25 26 5 340 212
25 27 12 317 183
25 28 18 363 305
25 29 8 326 458
25 31 9 120 593
25 32 12 121 434
25 37 19 138 864
25 41 17 117 537
25 43 6 396 1330
25 46 2 305 352
25 49 17 350 62
25 52 20 477 804
25 55 8 412 1213
25 59 13 236 213
25 67 20 133 464
25 69 5 346 718
25 70 17 208 355
25 73 12 222 1281
25 75 3 296 886
25 77 2 464 794
25 79 2 353 606
26 1 15 261 1299
26 3 6 143 1176
26 8 19 242 1026
26 10 10 181 617
26 11 14 301 787
26 13 8 238 223
26 16 19 194 787
26 17 3 269 488
26 21 1 296 1114
26 22 10 402 167
26 24 5 192 693
26 25 15 412 948
26 27 13 384 99
26 28 12 260 667
26 29 17 288 1259
26 30 1 416 403
26 31 20 321 626
26 33 12 437 452
26 34 12 364 529
26 39 19 107 1255
26 40 5 150 1019
26 44 10 413 1181
26 45 15 437 607
26 46 15 135 1183
26 53 3 221 396
26 55 20 229 765
26 56 13 383 697
26 58 14 107 521
26 59 7 474 146
26 65 5 372 123
26 70 16 215 878
27 0 2 177 751
27 2 7 301 1088
27 3 12 285 415
27 5 7 179 846
27 7 8 301 383
27 8 7 237 995
27 9 5 364 802
27 12 12 176 840
27 13 14 212 991
27 15 5 460 512
27 18 11 433 966
27 20 19 389 851
27 21 12 490 1178
27 23 13 330 80
27 25 14 375 1048
27 26 11 291 639
27 32 1 255 332
27 33 5 307 1036
27 35 11 124 554
27 37 16 317 588
27 47 14 341 1113
27 48 3 435 1178
27 56 14 244 1127
27 58 10 296 744
27 61 1 214 542
27 62 14 283 1182
27 69 16 384 289
27 70 12 460 1250
27 73 14 266 1088
27 76 1 113 814
28 1 7 438 441
28 2 6 459 1090
28 3 13 484 546
28 8 9 398 404
28 10 6 227 243
28 17 18 277 79
28 18 6 139 276
28 19 8 195 1015
28 22 10 300 624
28 27 16 297 508
28 35 12 338 975
28 41 4 100 420
28 43 15 279 1149
28 44 13 211 1110
28 45 3 309 235
28 47 3 456 757
28 48 5 191 998
28 51 12 194 69
28 58 11 404 902
28 62 14 309 318
28 64 7 114 1312
28 67 18 489 710
28 68 17 485 288
28 71 7 490 887
29 1 2 181 256
29 2 10 317 785
29 3 16 277 778
29 4 1 269 452
29 6 8 254 443
29 7 19 121 371
29 9 13 470 483
29 11 12 263 1237
29 14 10 205 768
29 17 10 454 1158
29 19 18 464 661
29 20 18 186 840
29 21 18 180 1249
29 23 8 387 245
29 24 9 494 338
29 25 12 157 1314
29 28 9 115 157
29 30 12 451 1220
29 35 10 207 1006
29 37 1 108 1145
29 39 8 128 1255
29 42 18 392 1099
29 43 13 321 527
29 45 6 103 659
29 48 20 275 1286
29 49 10 108 1254
29 50 5 103 1144
29 51 17 373 340
29 54 10 469 989
29 55 9 487 1305
29 59 11 456 882
29 60 5 142 651
29 63 18 287 1008
29 64 15 328 791
29 67 8 335 402
29 68 1 483 61
29 69 18 453 471
29 72 11 229 562
29 73 16 393 1160
29 76 1 329 495
29 78 19 464 513
30 0 5 212 91
30 3 12 170 216
30 4 10 485 74
30 11 5 110 291
30 12 14 476 76
30 13 3 475 844
30 14 2 428 506
30 15 8 154 255
30 17 17 294 521
30 20 9 313 932
30 22 14 462 417
30 23 15 186 487
30 26 19 341 1171
30 32 5 438 1309
30 34 14 422 516
30 36 14 403 475
30 39 18 318 872
30 41 1 134 1251
30 44 20 126 863
30 46 2 382 1307
30 49 3 358 1220
30 52 6 239 627
30 54 5 173 326
30 60 15 114 720
30 62 10 364 105
30 67 8 341 1297
30 71 1 369 377
30 75 7 408 463
31 0 18 189 1198
31 1 18 105 1114
31 3 1 385 917
31 4 17 310 964
31 7 1 149 581
31 9 3 183 1036
31 12 4 341 373
31 14 12 113 637
31 15 14 381 574
31 19 7 477 1164
31 21 19 366 583
31 22 19 499 837
31 25 3 108 276
31 29 12 260 451
31 35 6 481 1218
31 37 4 245 1139
31 38 9 288 1068
31 42 2 125 65
31 44 4 459 109
31 46 8 243 1279
31 49 3 159 1149
31 51 3 383 223
31 52 5 454 831
31 54 12 353 851
31 56 6 455 285
31 58 5 348 240
31 59 7 269 503
31 61 20 417 984
31 62 11 438 349
31 64 17 430 1269
31 65 15 343 445
31 66 3 363 565
31 67 2 220 72
31 69 4 480 637
31 72 14 492 1138
31 75 10 220 548
32 1 6 411 1098
32 4 11 465 799
32 5 7 349 1166
32 8 14 149 912
32 9 1 103 99
32 14 17 299 1303
32 19 16 181 742
32 24 5 454 1145
32 25 2 222 746
32 27 20 153 691
32 29 16 463 497
32 31 15 192 381
32 33 13 345 546
32 35 4 179 611
32 37 9 298 1347
32 38 12 287 373
32 40 11 214 300
32 43 12 288 1333
32 45 18 383 680
32 46 20 411 1241
32 47 20 193 295
32 51 20 364 601
32 54 7 160 175
32 55 17 354 971
32 63 15 466 592
32 69 15 141 71
32 71 1 305 295
32 72 1 261 515
32 75 13 152 662
32 76 4 472 846
33 1 12 353 1193
33 7 17 442 257
33 10 5 469 199
33 11 19 331 425
33 19 9 209 450
33 20 10 402 1342
33 24 1 383 447
33 29 6 120 120
33 31 11 247 130
33 34 3 434 186
33 35 10 290 800
33 36 1 329 365
33 37 2 378 430
33 40 20 251 459
33 41 13 112 399
33 42 17 417 174
33 44 9 232 958
33 46 2 471 995
33 48 13 226 1160
33 49 13 166 442
33 50 17 468 780
33 51 11 389 1226
33 53 17 419 103
33 54 13 367 441
33 58 11 398 187
33 61 13 461 928
33 62 6 330 1172
33 70 1 160 444
33 72 8 439 121
33 79 15 309 364
34 0 4 460 632
34 1 13 289 190
34 2 18 369 1133
34 4 17 256 358
34 6 15 209 687
34 7 10 378 162
34 8 17 207 523
34 9 1 149 851
34 11 7 431 652
34 12 18 308 357
34 13 16 392 435
34 14 2 227 677
34 16 13 258 1176
34 19 15 218 895
34 23 4 203 262
34 25 11 484 769
34 27 17 490 382
34 30 16 133 386
34 35 1 233 691
34 36 20 449 79
34 40 17 228 673
34 43 11 236 902
34 45 1 122 1238
34 50 8 376 764
34 52 16 342 802
34 53 19 297 615
34 59 14 206 237
34 61 4 492 332
34 62 14 105 1315
34 63 2 448 237
34 64 19 403 224
34 69 16 497 1248
34 72 5 124 575
34 73 13 181 102
34 74 11 140 735
34 75 8 220 340
34 76 5 424 442
34 77 7 103 1181
34 78 6 270 585
35 1 18 223 695
35 2 7 304 1177
35 7 9 124 172
35 8 8 272 692
35 9 19 327 1231
35 15 4 160 355
35 16 10 264 181
35 18 9 114 561
35 19 6 132 1065
35 21 9 233 962
35 23 6 393 539
35 24 13 131 788
35 25 16 307 114
35 27 2 336 823
35 28 7 245 412
35 33 10 154 1147
35 36 9 179 1062
35 38 6 253 1231
35 40 5 170 195
35 41 4 401 896
35 42 15 471 1230
35 44 16 420 351
35 46 4 138 556
35 47 6 286 1015
35 55 14 480 253
35 59 8 157 917
35 62 6 184 540
35 65 20 246 1165
35 67 16 326 185
35 69 4 242 1128
35 71 15 455 773
35 72 4 442 65
35 74 8 192 220
35 75 1 175 499
36 4 16 108 969
36 7 18 403 315
36 8 14 245 227
36 11 12 173 364
36 13 12 403 677
36 14 17 315 1112
36 17 19 122 526
36 18 16 371 1197
36 19 13 339 715
36 21 4 235 1111
36 22 8 293 647
36 26 15 102 234
36 30 7 367 889
36 33 17 476 493
36 34 5 344 576
36 35 12 362 527
36 40 4 197 771
36 43 19 495 106
36 48 11 240 362
36 54 10 465 330
36 56 13 396 222
36 59 14 497 425
36 61 17 344 1269
36 64 11 164 907
36 65 7 348 416
36 66 5 165 480
36 71 18 374 970
36 73 19 499 915
36 75 3 218 102
36 78 12 305 1036
37 2 11 120 399
37 5 16 265 296
37 6 15 405 1105
37 8 4 188 1303
37 9 16 442 299
37 10 7 481 447
37 11 7 439 81
37 19 12 382 382
37 26 3 118 868
37 27 10 322 1108
37 28 8 423 584
37 29 7 232 490
37 30 6 481 583
37 32 20 308 644
37 36 12 362 748
37 39 3 111 777
37 41 16 263 1203
37 43 6 161 825
37 45 18 263 701
37 46 13 249 946
37 48 4 119 823
37 50 1 162 1233
37 52 4 334 783
37 53 13 142 65
37 57 2 221 754
37 58 20 444 538
37 61 20 210 901
37 62 8 247 1169
37 69 17 236 1104
37 71 5 499 286
37 77 4 396 941
38 0 15 266 929
38 4 16 372 880
38 5 12 467 656
38 6 11 218 1045
38 13 3 391 782
38 14 17 329 787
38 16 17 381 1081
38 20 5 338 495
38 25 13 434 318
38 31 11 132 1206
38 33 15 481 455
38 34 19 464 796
38 36 19 220 1062
38 44 18 122 204
38 48 4 380 1150
38 49 3 169 725
38 51 10 319 73
38 52 14 358 219
38 54 12 354 1280
38 55 11 316 1256
38 58 15 405 1339
38 61 3 187 720
38 63 8 425 204
38 65 5 421 435
38 69 15 177 1340
38 71 3 480 820
38 72 8 371 204
38 74 14 274 996
38 77 15 179 888
38 79 10 224 1190
39 0 3 473 1341
39 1 12 121 1170
39 3 7 324 924
39 8 13 144 625
39 10 20 115 59
39 13 17 115 187
39 20 11 467 325
39 21 3 339 676
39 25 18 197 576
39 27 6 354 1291
39 28 5 323 806
39 32 12 251 996
39 33 11 249 1301
39 34 8 476 164
39 35 12 443 435
39 36 15 478 246
39 37 14 354 374
39 40 7 436 820
39 42 8 265 534
39 46 11 451 425
39 49 5 284 1104
39 50 10 240 1154
39 51 10 120 282
39 53 16 354 1254
39 54 20 163 443
39 57 14 394 867
39 60 13 266 363
39 61 13 464 1197
39 65 11 320 606
39 68 17 335 80
39 70 17 470 910
39 72 9 366 1160
39 73 8 216 769
39 74 16 260 833
39 78 15 197 328
39 79 9 172 134
40 0 8 375 1247
40 3 11 337 220
40 4 5 213 137
40 5 1 215 268
40 9 18 438 515
40 12 4 211 477
40 17 3 392 993
40 23 17 375 997
40 27 13 337 1091
40 29 3 382 738
40 31 11 267 69
40 33 18 424 382
40 34 13 291 743
40 35 7 379 787
40 36 16 339 420
40 37 20 235 391
40 39 20 187 718
40 42 18 298 594
40 43 17 490 677
40 45 14 472 285
40 46 7 115 635
40 49 11 385 1177
40 52 15 437 1265
40 53 9 250 223
40 55 14 123 366
40 56 6 299 227
40 57 1 219 821
40 58 5 475 382
40 60 18 435 1173
40 61 3 232 576
40 64 8 478 1007
40 70 15 473 653
40 71 20 382 810
40 72 19 281 410
40 75 15 244 1029
40 78 13 392 58
40 79 11 141 897
41 0 16 324 97
41 2 5 442 861
41 4 20 323 145
41 5 19 251 1279
41 7 18 261 1174
41 8 20 121 158
41 12 12 440 779
41 13 16 463 634
41 16 17 405 440
41 21 1 108 131
41 23 2 278 695
41 27 1 420 181
41 28 6 354 70
41 29 2 327 518
41 30 8 378 579
41 33 4 189 1103
41 34 14 195 1007
41 37 5 185 114
41 44 3 273 696
41 45 20 258 1034
41 48 6 376 453
41 50 18 290 1101
41 52 2 313 75
41 54 11 276 324
41 56 8 390 238
41 57 1 448 511
41 61 5 314 920
41 65 12 224 841
41 66 15 274 1112
41 67 6 163 984
41 70 5 357 1213
41 71 5 291 862
41 72 4 255 364
41 76 5 402 754
41 77 1 267 668
41 79 20 238 455
42 0 17 184 568
42 4 4 271 695
42 5 14 268 1328
42 7 6 406 711
42 10 9 180 678
42 14 2 375 595
42 16 20 296 1276
42 18 2 472 954
42 24 20 242 1188
42 29 7 343 204
42 30 10 256 74
42 32 16 153 1292
42 35 12 243 1100
42 43 16 441 841
42 45 9 244 711
42 54 12 242 1249
42 59 12 374 941
42 63 6 342 247
42 64 20 108 949
42 67 12 486 516
42 71 8 308 556
42 77 1 418 167
42 78 1 360 90
43 0 5 471 859
43 3 12 236 935
43 4 15 353 1325
43 6 10 317 556
43 7 11 436 1222
43 9 3 243 271
43 10 7 436 122
43 11 1 426 1308
43 12 9 234 522
43 15 15 327 309
43 17 1 244 781
43 19 12 221 1080
43 21 4 440 266
43 26 14 284 827
43 30 19 257 695
43 34 10 367 1305
43 36 3 463 665
43 39 14 494 1142
43 40 13 399 538
43 41 13 107 63
43 44 9 279 700
43 46 3 454 594
43 61 13 478 653
43 63 13 260 1186
43 64 2 445 558
43 69 6 396 894
43 76 18 370 118
44 0 15 128 1346
44 1 20 330 470
44 2 12 223 455
44 3 16 385 235
44 4 9 475 1227
44 8 15 382 1056
44 10 3 207 1120
44 11 8 250 1250
44 12 17 304 1144
44 13 2 135 71
44 16 10 170 875
44 17 5 495 260
44 18 2 198 172
44 20 11 177 493
44 22 16 201 309
44 23 16 234 655
44 27 20 107 458
44 30 17 466 371
44 31 8 151 912
44 35 12 135 1342
44 36 14 481 925
44 37 18 277 585
44 38 7 403 1120
44 41 1 171 781
44 47 18 445 256
44 49 12 171 461
44 51 4 345 880
44 52 1 130 259
44 55 3 307 671
44 58 3 373 817
44 59 13 136 380
44 61 8 487 703
44 63 13 262 307
44 66 13 255 594
44 67 3 220 670
44 71 10 161 280
44 75 12 323 430
44 76 14 330 361
44 77 18 168 1295
44 78 18 482 572
45 2 13 221 1176
45 4 8 208 193
45 5 1 212 529
45 6 13 125 1044
45 7 11 481 772
45 13 9 403 664
45 14 15 193 619
45 17 9 446 183
45 18 16 279 1246
45 23 15 373 107
45 25 1 267 834
45 28 15 468 428
45 29 17 322 1152
45 30 14 449 561
45 34 19 285 428
45 35 2 406 863
45 36 18 243 829
45 42 9 177 236
45 43 10 424 1149
45 46 12 139 1012
45 50 10 101 654
45 51 16 336 1216
45 53 5 386 963
45 57 3 473 828
45 58 6 390 121
45 61 9 191 783
45 65 10 264 651
45 66 20 233 1011
45 70 9 365 969
45 75 16 430 177
45 76 16 415 785
45 77 1 180 802
45 78 6 369 1154
46 3 4 468 741
46 5 6 245 265
46 8 7 484 1241
46 9 20 305 730
46 10 15 372 1309
46 12 14 481 804
46 16 8 487 1028
46 18 14 482 845
46 19 8 228 145
46 20 14 487 493
46 25 6 125 66
46 26 7 363 117
46 28 11 320 1074
46 29 17 191 194
46 31 6 212 1251
46 32 10 356 907
46 34 3 365 228
46 36 2 193 1053
46 37 17 371 1103
46 41 10 392 762
46 45 17 164 678
46 49 6 423 189
46 52 19 246 818
46 53 3 353 386
46 54 9 469 188
46 55 6 216 1037
46 56 6 135 684
46 65 8 177 1188
46 66 10 331 564
46 71 1 195 901
46 73 19 339 814
47 1 11 251 633
47 3 4 471 612
47 6 20 420 1205
47 8 9 119 388
47 9 3 415 744
47 10 5 209 966
47 11 3 422 197
47 12 17 152 128
47 14 4 166 392
47 15 15 185 189
47 16 19 227 125
47 17 16 388 1083
47 19 12 114 948
47 22 13 328 608
47 23 14 166 946
47 25 3 305 740
47 27 14 363 1057
47 28 1 364 405
47 29 14 495 676
47 31 18 313 1047
47 34 4 482 1195
47 35 1 237 1020
47 36 1 427 774
47 37 3 125 129
47 38 8 150 510
47 45 2 129 457
47 49 16 148 617
47 50 17 123 91
47 51 12 406 854
47 52 2 385 251
47 54 2 463 775
47 58 3 160 408
47 63 15 297 298
47 66 6 142 680
47 67 20 137 186
47 68 20 474 1221
47 73 11 408 1129
47 74 8 310 480
47 75 10 113 489
47 76 19 443 432
47 77 1 442 949
48 2 4 447 794
48 3 19 462 944
48 4 19 116 1277
48 8 8 350 445
48 10 11 324 658
48 13 15 225 400
48 14 18 402 574
48 15 9 452 1286
48 18 15 116 231
48 20 6 244 736
48 23 8 497 381
48 28 10 410 778
48 30 11 258 1171
48 34 8 131 107
48 41 16 219 1200
48 42 1 365 1285
48 43 20 294 917
48 44 20 366 877
48 45 15 296 113
48 51 1 325 526
48 53 2 459 58
48 55 11 203 402
48 57 16 340 565
48 58 11 486 1231
48 62 11 270 1268
48 63 11 469 1067
48 66 13 406 899
48 71 17 269 64
48 72 13 378 574
48 74 3 357 127
48 75 13 130 659
48 76 1 145 953
48 78 8 158 244
48 79 2 468 678
49 0 15 165 669
49 1 5 127 1063
49 2 8 389 709
49 4 10 284 670
49 5 11 288 362
49 6 11 308 855
49 7 11 463 246
49 12 8 283 552
49 13 8 239 930
49 19 20 495 710
49 20 8 169 920
49 24 8 483 327
49 26 16 270 519
49 28 19 192 597
49 31 2 175 156
49 32 4 192 1161
49 38 19 267 1081
49 41 13 288 1106
49 42 10 455 824
49 43 1 180 1044
49 44 7 461 324
49 45 9 430 183
49 54 3 247 993
49 55 18 441 1081
49 56 3 221 316
49 58 1 343 721
49 62 16 195 175
49 64 7 420 758
49 65 1 129 1341
49 68 19 376 1192
49 69 18 293 1271
49 75 4 125 287
50 2 14 486 464
50 5 13 209 833
50 7 3 322 1163
50 11 15 407 322
50 14 2 330 398
50 15 4 452 1143
50 16 5 173 1046
50 18 5 238 821
50 21 9 299 805
50 22 15 473 1043
50 23 14 474 917
50 25 20 443 516
50 26 5 462 1333
50 27 11 112 141
50 30 15 477 891
50 39 11 126 1015
50 42 2 285 826
50 43 15 373 1133
50 44 8 107 898
50 46 17 349 216
50 48 14 432 1295
50 49 6 311 830
50 54 15 426 699
50 59 3 296 1285
50 60 3 412 399
50 62 4 246 610
50 63 5 449 755
50 66 11 325 1307
50 68 8 284 1292
50 69 20 219 1221
50 72 9 309 1344
50 76 15 300 615
50 79 8 335 763
51 0 11 107 518
51 1 5 161 756
51 3 15 285 391
51 4 11 272 1133
51 6 11 129 196
51 7 8 117 288
51 10 19 273 297
51 11 12 132 308
51 12 4 341 554
51 14 16 396 1040
51 15 8 307 1344
51 20 9 168 179
51 21 20 465 338
51 22 6 403 385
51 25 12 112 176
51 26 10 146 685
51 28 7 309 120
51 29 5 287 732
51 30 4 154 1292
51 33 18 128 879
51 35 9 284 660
51 36 1 363 1255
51 37 11 462 150
51 39 12 210 867
51 40 11 194 1318
51 42 20 463 628
51 44 11 124 659
51 46 3 385 332
51 52 6 454 1080
51 54 20 482 1309
51 55 13 421 818
51 56 16 304 1015
51 58 19 212 505
51 62 10 181 679
51 69 20 401 1271
51 70 7 118 1285
51 71 11 398 64
51 76 3 171 763
52 3 2 149 204
52 8 9 498 403
52 9 17 406 432
52 11 8 356 444
52 12 7 234 168
52 16 12 207 1012
52 17 13 465 793
52 19 1 102 418
52 21 6 191 1085
52 24 20 131 1082
52 25 3 234 923
52 27 6 264 198
52 30 18 344 110
52 33 20 448 425
52 34 14 450 513
52 36 12 273 414
52 37 9 500 202
52 39 6 342 443
52 40 9 110 633
52 44 4 122 216
52 45 18 128 505
52 46 18 346 242
52 47 13 414 540
52 48 1 211 1302
52 49 8 465 986
52 61 13 186 873
52 63 2 462 949
52 68 5 449 335
52 72 4 264 556
53 0 15 488 1080
53 1 1 218 633
53 5 14 151 432
53 7 15 282 814
53 8 20 203 1229
53 9 16 481 981
53 11 6 362 1093
53 12 17 486 387
53 14 20 488 1010
53 18 8 442 793
53 19 4 124 607
53 24 15 383 1293
53 33 14 135 801
53 35 5 493 501
53 37 15 136 1215
53 39 19 172 630
53 43 3 305 562
53 49 15 155 1138
53 51 2 285 664
53 55 6 142 613
53 59 4 431 684
53 61 6 210 333
53 66 17 143 232
53 67 11 331 354
53 68 11 240 92
53 69 15 312 865
53 70 7 146 91
53 79 6 337 976
54 1 16 310 202
54 2 20 323 157
54 3 19 383 384
54 4 14 447 298
54 5 10 357 574
54 6 19 183 1246
54 7 17 439 460
54 10 11 438 1016
54 13 17 282 864
54 17 6 117 1203
54 21 20 216 120
54 22 16 361 1215
54 25 4 265 392
54 28 11 177 150
54 30 13 354 975
54 32 6 340 344
54 33 10 189 1262
54 34 16 187 803
54 35 3 231 440
54 36 10 290 423
54 37 16 210 1341
54 40 3 322 105
54 41 20 321 847
54 44 16 484 1040
54 45 17 414 964
54 48 14 420 1172
54 49 3 222 131
54 56 11 314 673
54 58 1 226 221
54 60 18 436 968
54 61 1 448 1144
54 64 7 339 433
54 66 9 485 301
54 68 2 343 624
54 71 13 386 149
54 72 11 315 990
54 74 13 450 249
54 78 12 201 632
55 1 6 357 1109
55 3 5 497 1174
55 4 8 178 830
55 7 19 312 87
55 9 11 333 838
55 10 17 347 219
55 11 20 445 539
55 12 4 396 686
55 14 14 349 250
55 15 13 496 85
55 19 16 163 244
55 22 8 300 1196
55 23 16 123 201
55 24 18 426 419
55 31 15 242 684
55 32 5 411 1273
55 37 15 198 422
55 45 13 394 438
55 47 5 332 581
55 48 6 253 429
55 51 1 362 221
55 53 1 300 956
55 54 8 117 440
55 58 5 220 893
55 61 1 301 1325
55 64 8 189 187
55 66 17 161 358
55 67 3 254 786
55 68 7 468 1186
55 72 16 178 609
55 76 5 281 305
55 79 3 414 631
56 0 3 174 526
56 12 13 191 504
56 16 4 281 756
56 17 11 303 994
56 18 9 374 1023
56 20 8 426 1129
56 22 10 109 61
56 23 2 160 1348
56 25 19 309 719
56 29 20 362 309
56 30 20 260 608
56 31 14 421 451
56 33 15 294 1009
56 34 17 204 640
56 39 19 471 1212
56 41 3 420 981
56 45 6 198 878
56 47 9 459 553
56 48 11 184 1132
56 49 5 409 385
56 54 15 307 1202
56 57 5 215 579
56 59 18 122 836
56 61 13 373 942
56 62 19 461 1226
56 64 4 215 1316
56 65 9 476 744
56 67 13 408 305
56 68 17 197 169
56 71 2 360 1054
56 75 2 318 1102
57 1 18 252 1091
57 3 16 444 1260
57 4 13 234 988
57 6 17 390 887
57 8 11 246 918
57 12 11 500 1029
57 13 2 266 934
57 17 11 161 892
57 20 4 117 582
57 22 18 409 94
57 23 19 447 944
57 31 8 273 1014
57 35 16 194 1301
57 36 1 421 93
57 37 6 247 715
57 38 10 444 1105
57 42 13 209 73
57 43 16 252 379
57 45 3 358 857
57 46 20 167 650
57 47 7 243 1282
57 49 1 174 68
57 50 8 500 1180
57 51 13 299 505
57 54 11 324 462
57 56 1 341 706
57 59 19 315 337
57 60 16 255 433
57 62 17 479 556
57 63 1 449 108
57 68 19 149 1020
57 72 19 338 404
57 73 18 180 150
57 77 10 385 791
58 0 1 185 535
58 2 3 278 974
58 4 15 343 515
58 8 3 465 1049
58 11 12 324 673
58 12 10 241 507
58 15 3 246 337
58 19 3 476 754
58 20 7 312 504
58 22 17 373 260
58 23 7 385 503
58 24 20 240 1334
58 28 12 118 802
58 29 8 402 482
58 33 3 376 1125
58 34 14 109 468
58 38 13 441 648
58 41 13 414 199
58 44 7 134 1196
58 46 11 220 466
58 47 1 349 453
58 49 8 303 106
58 50 1 496 663
58 54 7 425 99
58 59 19 371 738
58 60 6 398 91
58 61 20 156 1276
58 62 1 133 834
58 63 5 323 1080
58 65 7 225 996
58 66 18 311 89
58 67 16 333 700
58 68 1 442 214
58 78 8 449 588
58 79 2 227 288
59 2 2 478 696
59 5 15 472 937
59 6 10 432 237
59 10 11 377 966
59 12 15 103 947
59 15 1 436 708
59 19 13 334 121
59 21 6 270 632
59 23 3 463 896
59 24 8 197 695
59 28 5 491 146
59 29 18 334 626
59 30 2 398 1217
59 43 20 483 866
59 45 5 480 1284
59 46 13 367 866
59 47 11 185 1105
59 52 6 493 1216
59 53 12 128 440
59 54 16 164 119
59 55 5 250 1268
59 60 4 370 629
59 61 12 226 1319
59 64 13 368 705
59 67 3 179 418
59 71 4 185 283
59 73 13 257 1084
59 78 14 328 376
60 0 1 410 1107
60 1 12 178 1081
60 2 2 478 739
60 4 16 183 661
60 7 3 243 1278
60 10 19 400 1032
60 11 9 289 223
60 18 15 407 1026
60 19 2 265 253
60 21 15 159 970
60 23 19 224 584
60 25 6 302 1084
60 26 5 402 1155
60 31 13 228 1235
60 32 11 437 724
60 33 20 143 756
60 36 5 416 1339
60 37 18 328 1085
60 38 4 242 758
60 41 2 293 1161
60 44 16 304 1282
60 45 10 291 1092
60 47 13 305 376
60 51 13 360 877
60 53 13 187 96
60 56 12 308 612
60 62 17 297 1084
60 65 12 320 319
60 69 5 215 923
60 72 19 492 298
60 74 3 298 1299
60 77 9 398 1302
60 79 1 456 563
61 0 19 144 408
61 2 17 200 449
61 4 13 310 95
61 11 8 415 492
61 13 11 107 1340
61 15 7 339 1256
61 18 20 440 101
61 23 3 270 100
61 24 9 457 1043
61 28 4 469 725
61 29 2 151 439
61 31 6 410 716
61 36 15 378 1241
61 37 5 432 742
61 38 15 155 541
61 39 18 482 1105
61 41 16 374 1025
61 46 11 377 795
61 49 8 353 167
61 51 12 208 1349
61 52 8 432 231
61 53 9 157 732
61 58 7 410 903
61 59 11 174 636
61 60 10 239 846
61 62 8 238 655
61 64 14 158 952
61 65 2 331 1246
61 68 19 370 597
61 72 6 326 1311
61 73 17 173 323
61 74 12 136 1294
61 76 12 475 349
61 79 7 358 340
62 3 15 383 908
62 6 11 375 1000
62 7 19 450 981
62 12 1 483 84
62 19 17 204 146
62 22 16 175 996
62 27 13 193 668
62 30 3 256 654
62 32 17 149 1075
62 34 7 422 148
62 35 16 451 973
62 36 16 289 883
62 38 7 203 867
62 41 2 428 438
62 43 2 167 122
62 45 14 317 149
62 47 10 313 722
62 49 11 136 880
62 55 17 343 811
62 56 14 434 345
62 61 4 185 621
62 66 5 141 774
62 68 7 490 1161
62 70 5 138 685
62 72 3 393 1077
62 76 20 425 1089
62 78 11 347 454
63 1 11 163 414
63 2 4 391 1183
63 3 19 124 1147
63 8 15 298 621
63 11 9 233 748
63 12 12 314 419
63 13 20 217 162
63 15 3 434 242
63 17 17 245 167
63 19 5 159 857
63 20 18 414 298
63 21 14 346 831
63 24 10 178 1300
63 27 9 141 490
63 29 18 465 1004
63 32 4 276 420
63 34 17 360 1341
63 35 9 187 197
63 37 19 167 319
63 38 18 460 78
63 41 14 406 439
63 42 17 292 1152
63 43 6 413 1115
63 45 12 381 93
63 47 7 331 962
63 51 1 217 958
63 52 15 115 1184
63 55 14 349 991
63 57 19 194 1284
63 58 14 368 146
63 59 20 263 1244
63 60 9 292 310
63 64 8 310 573
63 65 12 217 1144
63 66 8 462 951
63 69 16 388 1273
63 70 4 155 1207
63 71 1 240 957
63 73 8 173 1015
63 75 20 142 359
63 76 13 345 854
63 77 14 492 69
63 78 17 294 377
64 0 8 167 615
64 1 8 199 1036
64 3 5 128 654
64 4 7 367 823
64 6 16 119 759
64 12 13 482 251
64 13 3 271 215
64 16 2 334 991
64 19 13 249 1150
64 22 3 107 235
64 24 17 235 614
64 26 15 109 606
64 30 2 129 666
64 32 18 401 130
64 36 6 356 666
64 37 10 117 429
64 38 12 420 1242
64 39 5 120 956
64 42 9 322 822
64 44 1 207 464
64 45 4 185 650
64 46 13 260 460
64 48 10 198 804
64 49 13 285 1276
64 54 4 355 1115
64 55 17 327 162
64 57 2 147 225
64 59 1 364 790
64 60 1 196 1214
64 61 14 391 1209
64 65 16 240 314
64 68 3 290 1340
64 77 6 437 397
64 78 14 335 1299
65 2 9 345 930
65 3 10 496 801
65 4 11 473 118
65 5 10 274 276
65 7 18 118 1317
65 9 16 280 112
65 11 16 402 957
65 13 17 197 672
65 16 11 437 445
65 19 15 392 1308
65 20 4 114 130
65 22 17 324 77
65 23 1 168 417
65 24 8 251 737
65 25 3 405 670
65 28 11 355 473
65 30 20 336 1273
65 31 3 110 407
65 33 10 218 242
65 34 17 178 417
65 37 2 339 334
65 38 1 132 1296
65 40 9 156 399
65 41 17 481 476
65 43 15 346 956
65 46 3 440 438
65 47 17 415 503
65 48 7 373 618
65 50 15 395 447
65 54 13 155 461
65 61 8 237 679
65 67 7 381 1022
65 71 16 291 381
66 7 18 396 1034
66 8 10 390 1255
66 12 11 240 1053
66 13 7 285 393
66 14 18 135 392
66 18 2 248 276
66 19 3 111 880
66 31 14 340 218
66 36 3 460 1190
66 37 8 473 863
66 40 6 383 1211
66 48 7 371 1211
66 49 20 198 640
66 51 8 210 558
66 52 4 226 1013
66 54 15 132 745
66 55 20 111 288
66 56 13 413 862
66 57 8 474 578
66 59 3 210 928
66 60 13 249 1070
66 64 20 274 1307
66 68 7 397 152
66 69 11 387 677
66 72 2 101 176
67 1 6 460 405
67 3 9 295 900
67 4 7 329 996
67 5 8 484 459
67 14 12 306 83
67 15 16 340 473
67 19 16 214 645
67 20 12 468 190
67 27 20 255 1042
67 33 14 291 551
67 35 2 312 621
67 36 10 419 1245
67 37 1 299 56
67 40 1 469 1321
67 42 2 105 789
67 43 9 289 981
67 44 6 210 1293
67 45 5 103 218
67 47 13 500 642
67 48 4 172 1166
67 49 13 163 90
67 50 17 406 541
67 52 12 148 436
67 59 7 377 70
67 62 11 480 543
67 63 15 116 331
67 66 9 157 683
67 68 11 164 363
67 69 20 287 395
67 75 9 433 1215
67 79 4 307 701
68 3 16 240 1177
68 5 3 402 776
68 10 17 276 1339
68 12 2 318 425
68 13 1 335 249
68 14 2 325 1139
68 19 12 440 964
68 20 1 433 1300
68 21 13 230 137
68 30 7 499 948
68 32 14 296 85
68 36 13 455 931
68 37 3 245 729
68 39 5 309 859
68 41 8 317 1064
68 42 6 385 456
68 43 20 239 562
68 46 12 459 1293
68 48 9 342 1220
68 53 18 201 1091
68 56 3 147 364
68 58 13 220 823
68 59 15 360 807
68 63 5 374 998
68 67 8 420 1143
68 72 6 214 854
69 2 5 193 88
69 3 3 249 168
69 6 19 420 1349
69 8 13 193 623
69 10 1 240 529
69 12 3 206 64
69 14 20 489 529
69 17 4 496 1146
69 18 1 380 532
69 21 8 256 932
69 22 3 275 329
69 23 3 433 361
69 26 9 359 852
69 27 5 445 401
69 28 4 229 995
69 29 12 498 703
69 32 12 101 678
69 37 4 452 1083
69 42 1 468 690
69 44 12 131 1299
69 47 14 167 1328
69 51 16 283 739
69 52 4 132 57
69 53 8 325 993
69 54 12 305 686
69 63 10 423 573
69 67 7 468 1109
69 68 10 112 983
69 72 6 370 68
69 73 11 174 1023
69 76 15 434 358
69 77 8 238 1136
70 4 13 331 1092
70 8 18 131 427
70 9 2 441 1279
70 11 6 494 585
70 13 18 191 728
70 18 4 130 169
70 20 1 488 812
70 21 16 288 170
70 31 2 124 1314
70 32 12 254 275
70 34 18 167 427
70 40 1 408 1189
70 42 9 492 208
70 44 11 329 56
70 45 15 246 535
70 46 20 493 189
70 47 1 271 585
70 54 15 220 759
70 58 3 224 897
70 61 1 146 1044
70 62 3 278 1197
70 65 19 355 1180
70 68 11 357 1053
70 69 20 158 1244
70 71 11 253 1123
70 72 13 383 280
70 73 2 394 594
70 74 9 166 811
70 76 9 323 608
71 1 17 163 816
71 3 18 242 575
71 8 2 344 1098
71 9 9 357 279
71 10 19 352 1021
71 12 15 489 942
71 16 3 134 1104
71 19 19 354 762
71 20 14 157 1235
71 22 11 283 823
71 26 7 199 1325
71 30 17 157 1227
71 32 7 391 177
71 47 4 450 940
71 50 19 374 1152
71 51 8 179 66
71 55 18 323 604
71 60 2 142 265
71 62 19 333 314
71 63 9 383 1223
71 65 8 467 634
71 66 17 389 1108
71 68 14 257 103
71 72 10 416 62
71 74 9 457 615
71 76 1 312 402
71 77 19 124 793
71 79 1 238 1124
72 1 17 351 253
72 2 8 269 311
72 3 13 479 633
72 4 5 319 826
72 7 8 420 704
72 8 6 185 438
72 9 14 356 77
72 11 19 477 678
72 12 9 250 783
72 13 7 193 1106
72 18 12 136 821
72 20 7 411 791
72 22 20 343 1149
72 28 9 132 583
72 29 2 122 100
72 30 9 127 205
72 33 15 294 870
72 36 6 362 1198
72 37 12 167 1012
72 38 13 116 96
72 40 6 109 1148
72 45 15 194 1203
72 49 8 306 1224
72 51 3 221 598
72 52 18 342 1325
72 53 11 254 1232
72 54 11 145 578
72 55 12 307 1035
72 56 1 445 1066
72 57 15 116 333
72 59 6 367 67
72 63 14 182 174
72 64 12 434 853
72 67 2 225 936
72 76 5 167 923
72 78 12 181 363
72 79 11 137 596
73 0 3 134 951
73 1 14 266 498
73 6 17 375 504
73 7 12 464 1059
73 13 4 105 468
73 18 9 181 163
73 20 16 240 617
73 21 5 343 758
73 22 4 200 219
73 23 3 390 601
73 29 13 114 1319
73 31 18 303 587
73 33 18 276 210
73 35 19 491 91
73 44 3 159 91
73 45 3 225 999
73 47 15 479 413
73 48 8 387 422
73 49 12 167 449
73 51 17 342 325
73 54 1 292 840
73 56 16 359 1051
73 57 4 221 1129
73 60 14 206 862
73 62 15 353 1201
73 65 12 264 238
73 68 15 419 395
73 72 6 227 57
73 75 20 386 247
73 79 15 355 500
74 1 6 401 741
74 3 14 321 1147
74 5 2 117 528
74 10 2 293 680
74 14 4 181 879
74 15 10 462 1165
74 16 9 256 710
74 18 9 240 761
74 19 10 479 503
74 20 6 156 700
74 21 7 377 642
74 24 9 213 606
74 26 3 205 1119
74 31 20 452 844
74 32 17 285 73
74 33 6 193 592
74 35 15 338 207
74 38 18 153 103
74 43 8 201 341
74 46 18 411 225
74 49 19 332 271
74 52 5 489 954
74 54 6 153 820
74 57 4 123 160
74 59 13 482 848
74 61 14 134 1048
74 62 2 177 783
74 64 5 409 1017
74 69 20 116 589
74 70 2 433 850
74 72 4 451 1295
74 76 5 394 229
74 78 4 245 802
75 1 9 355 979
75 3 1 148 888
75 6 15 154 1038
75 7 11 498 165
75 8 18 142 899
75 10 10 183 59
75 11 8 159 1069
75 13 8 298 1215
75 18 16 202 83
75 19 6 191 698
75 20 20 116 780
75 24 11 197 1084
75 25 7 221 718
75 26 16 131 511
75 27 17 419 373
75 29 5 217 790
75 33 7 237 257
75 34 10 262 316
75 36 2 385 1305
75 37 9 234 153
75 39 5 198 1069
75 41 20 150 783
75 42 3 101 600
75 46 14 443 447
75 48 4 163 180
75 53 12 290 355
75 57 6 395 87
75 61 14 377 253
75 63 18 392 265
75 65 3 249 441
75 72 9 441 1058
75 76 3 107 287
75 79 4 476 516
76 3 4 310 1095
76 4 1 447 1040
76 5 6 326 495
76 6 18 289 829
76 7 11 332 825
76 11 2 354 628
76 12 6 460 668
76 13 18 155 1185
76 15 9 109 847
76 20 10 354 758
76 21 4 280 1314
76 22 2 178 1125
76 26 6 124 309
76 27 7 325 1200
76 31 6 477 567
76 35 12 254 328
76 36 14 411 285
76 38 15 297 888
76 39 4 461 525
76 44 2 368 277
76 47 10 284 969
76 49 6 365 582
76 50 12 365 1177
76 52 6 464 988
76 54 5 246 557
76 55 12 344 1167
76 58 4 333 1231
76 59 10 143 175
76 61 13 297 376
76 65 6 233 347
76 68 16 102 767
76 69 9 438 506
76 74 3 377 297
76 77 2 438 545
77 0 12 199 503
77 1 5 252 1040
77 4 5 107 1204
77 5 13 208 170
77 7 2 176 1102
77 18 12 245 799
77 19 1 309 1131
77 20 11 489 1126
77 22 15 433 275
77 29 18 374 1048
77 30 5 317 320
77 31 10 373 253
77 35 8 443 494
77 37 2 428 238
77 38 13 275 322
77 40 15 240 308
77 42 7 337 1214
77 45 3 189 618
77 46 15 122 1117
77 51 3 370 647
77 52 1 261 1044
77 53 16 117 504
77 58 2 164 749
77 60 10 188 748
77 62 6 460 488
77 66 10 401 1005
77 67 14 193 115
77 69 19 241 956
77 70 2 464 1042
77 75 8 140 437
77 76 15 204 574
77 79 5 248 1012
78 0 4 377 469
78 3 20 375 65
78 4 18 100 248
78 7 11 391 289
78 11 18 291 921
78 13 13 337 948
78 14 19 427 440
78 17 1 384 103
78 20 11 472 376
78 22 6 382 213
78 23 4 338 539
78 26 19 397 1158
78 31 15 424 458
78 34 17 474 691
78 37 5 462 344
78 39 2 101 1280
78 43 2 454 834
78 46 9 168 718
78 48 9 365 1118
78 49 3 156 496
78 53 13 179 598
78 56 17 386 358
78 59 20 249 542
78 60 17 347 799
78 62 5 347 140
78 63 18 210 409
78 64 12 299 442
78 65 5 298 416
78 66 7 395 1303
78 67 17 111 262
78 69 18 290 695
78 70 3 173 1122
78 72 13 310 1013
78 73 5 458 942
78 77 2 397 1139
79 0 16 420 1003
79 2 3 239 429
79 6 2 373 142
79 7 13 241 735
79 11 8 279 948
79 13 2 395 702
79 14 15 219 666
79 17 10 160 609
79 19 13 230 1280
79 20 9 216 390
79 24 13 229 916
79 27 1 426 1013
79 28 20 177 1203
79 30 13 322 561
79 31 6 297 412
79 32 14 134 1294
79 35 7 408 1112
79 37 6 273 826
79 38 7 336 864
79 40 8 274 1040
79 48 15 353 854
79 49 8 140 875
79 50 16 470 1087
79 53 19 422 162
79 54 12 340 1332
79 59 12 241 1250
79 64 20 137 607
79 66 19 163 411
79 67 8 309 1296
79 69 18 239 193
79 70 11 317 1315
79 77 13 232 289
END_ARCS
