NUM_NODES: 10
NUM_ARCS: 34
NUM_SOURCES: 3
NUM_SINKS: 3

# Balanco dos nos (node_id b_i)
NODE_BALANCES
0 0
1 0
2 104
3 0
4 -193
5 0
6 280
7 -84
8 244
9 -351
END_NODE_BALANCES

# Dados dos arcos (i j c_ij f_ij w_ij)
ARCS
0 3 16 462 285
0 5 17 190 299
2 3 1 182 220
2 5 4 245 465
2 7 18 181 192
2 8 11 298 288
2 9 2 410 218
3 5 16 220 343
4 1 3 426 170
4 2 5 489 410
4 7 18 187 362
4 8 15 153 188
5 0 9 320 444
5 2 12 485 280
5 3 18 230 139
5 8 5 491 350
6 0 3 367 254
6 1 4 247 253
6 2 18 410 399
6 3 12 461 198
6 8 8 459 347
6 9 1 195 263
7 1 16 335 326
7 4 7 365 468
7 5 2 354 156
7 6 5 282 450
8 0 3 331 245
8 9 18 216 265
9 0 14 302 204
9 2 5 266 369
9 3 5 321 227
9 5 2 113 435
9 6 19 184 143
9 7 5 144 372
END_ARCS
