NUM_NODES: 70
NUM_ARCS: 3890
NUM_SOURCES: 4
NUM_SINKS: 12

# Balanco dos nos (node_id b_i)
NODE_BALANCES
0 0
1 -28
2 0
3 0
4 0
5 0
6 0
7 0
8 232
9 -49
10 0
11 0
12 0
13 0
14 0
15 0
16 0
17 0
18 0
19 147
20 -54
21 0
22 0
23 0
24 0
25 -98
26 107
27 -79
28 0
29 0
30 -28
31 0
32 0
33 0
34 0
35 0
36 0
37 0
38 0
39 0
40 -137
41 0
42 0
43 -74
44 0
45 0
46 0
47 0
48 0
49 -49
50 0
51 -59
52 0
53 0
54 0
55 0
56 0
57 0
58 -18
59 0
60 0
61 0
62 254
63 0
64 0
65 -67
66 0
67 0
68 0
69 0
END_NODE_BALANCES

# Dados dos arcos (i j c_ij f_ij w_ij)
ARCS
0 2 19 461 128
0 3 9 337 521
0 4 5 203 156
0 5 12 271 89
0 6 6 272 473
0 7 20 237 444
0 8 19 281 480
0 9 1 243 588
0 10 12 339 127
0 11 20 499 47
0 12 8 391 497
0 13 6 488 62
0 14 5 345 52
0 15 14 130 263
0 16 9 145 386
0 17 5 328 82
0 18 11 354 466
0 19 17 244 200
0 20 9 180 585
0 21 18 284 582
0 23 18 225 206
0 24 13 342 335
0 25 19 429 184
0 26 15 333 458
0 27 8 327 466
0 28 1 474 147
0 29 13 101 280
0 30 8 242 43
0 31 13 337 150
0 32 19 313 429
0 33 11 304 315
0 34 11 117 352
0 35 10 429 553
0 36 11 300 144
0 37 18 167 520
0 39 14 189 407
0 41 10 102 372
0 43 7 251 423
0 44 9 180 326
0 45 12 408 142
0 46 18 200 233
0 47 20 234 110
0 48 5 469 201
0 50 1 445 167
0 51 13 317 421
0 52 3 245 183
0 53 15 481 490
0 54 16 443 54
0 55 3 196 317
0 57 19 163 532
0 58 11 433 379
0 60 6 366 291
0 61 2 233 310
0 62 2 391 424
0 63 9 148 381
0 64 8 394 558
0 65 11 318 246
0 66 8 106 146
0 67 8 447 258
0 68 20 235 429
0 69 16 180 131
1 0 17 315 125
1 2 13 466 209
1 3 7 215 232
1 4 6 119 266
1 5 1 322 367
1 6 20 374 453
1 7 6 203 176
1 8 5 313 125
1 9 14 121 258
1 10 16 276 349
1 11 4 203 524
1 14 11 309 411
1 15 7 476 186
1 16 20 453 546
1 17 2 244 473
1 19 16 283 387
1 21 19 326 506
1 22 12 171 121
1 23 15 434 406
1 24 19 216 249
1 26 18 271 358
1 27 8 478 592
1 30 19 180 90
1 31 15 181 92
1 32 4 485 396
1 33 14 300 97
1 34 16 445 205
1 35 13 176 191
1 36 18 377 328
1 37 12 367 277
1 38 13 325 497
1 39 4 294 582
1 40 6 195 527
1 41 5 337 557
1 42 6 381 223
1 44 4 397 191
1 45 15 288 450
1 46 8 161 64
1 47 15 121 238
1 49 12 438 456
1 50 7 131 264
1 52 8 232 475
1 54 19 248 385
1 55 6 114 236
1 56 20 408 367
1 57 19 155 132
1 58 9 372 236
1 59 7 176 477
1 60 1 424 430
1 61 15 167 96
1 62 13 348 127
1 63 20 164 368
1 64 13 329 545
1 65 6 220 494
1 66 3 407 548
1 67 4 197 324
1 68 9 244 549
1 69 15 441 474
2 0 18 489 275
2 1 6 181 278
2 3 11 433 533
2 4 4 281 582
2 5 7 259 265
2 6 5 260 288
2 8 13 270 513
2 9 13 358 465
2 10 10 476 382
2 11 1 471 265
2 12 19 129 236
2 13 14 247 395
2 14 11 287 500
2 16 10 234 479
2 17 8 404 344
2 18 3 219 318
2 19 15 455 43
2 20 2 192 566
2 21 6 382 200
2 23 17 120 256
2 24 8 153 462
2 25 18 333 455
2 26 11 118 502
2 27 20 281 570
2 28 10 257 387
2 30 10 433 440
2 31 15 194 77
2 33 15 240 138
2 34 15 452 38
2 35 20 221 74
2 36 5 338 349
2 37 15 251 177
2 39 8 405 126
2 40 5 162 377
2 41 10 168 368
2 42 6 324 518
2 43 5 434 360
2 44 10 424 307
2 48 15 113 214
2 49 1 200 309
2 51 9 283 165
2 52 19 108 232
2 53 17 391 300
2 54 19 384 526
2 55 4 443 548
2 57 11 431 164
2 58 6 420 383
2 60 2 152 161
2 61 10 250 209
2 62 15 183 174
2 63 2 443 546
2 64 17 226 191
2 65 19 474 207
2 66 3 337 500
2 67 16 291 501
2 69 2 235 295
3 0 14 305 60
3 1 14 287 223
3 4 15 432 452
3 5 19 242 586
3 6 9 237 264
3 7 4 310 123
3 9 5 408 370
3 10 11 109 176
3 11 8 395 410
3 12 15 197 52
3 13 18 443 589
3 14 17 169 525
3 15 9 356 338
3 16 19 248 231
3 17 20 325 481
3 18 19 433 87
3 21 6 149 160
3 22 18 450 98
3 23 3 237 172
3 24 9 359 587
3 25 9 431 165
3 28 8 455 169
3 29 12 500 136
3 30 4 305 108
3 31 4 487 82
3 33 16 424 51
3 34 7 264 568
3 36 4 496 44
3 37 17 443 303
3 38 3 241 76
3 39 8 345 525
3 41 1 163 394
3 44 13 220 288
3 45 18 311 207
3 46 3 494 422
3 47 2 291 589
3 48 14 116 558
3 51 5 215 250
3 52 13 274 559
3 53 8 414 163
3 55 14 469 438
3 56 12 296 396
3 58 2 238 161
3 59 19 137 102
3 60 20 487 136
3 62 1 285 367
3 63 15 235 353
3 66 5 296 126
3 67 18 323 585
3 68 12 172 75
4 3 5 297 451
4 5 11 115 162
4 6 15 392 237
4 8 20 125 323
4 9 18 343 508
4 10 5 310 226
4 11 5 343 242
4 12 15 335 487
4 14 19 118 469
4 15 7 304 572
4 16 3 286 381
4 19 6 297 66
4 20 2 281 370
4 21 20 323 489
4 22 6 127 504
4 23 18 322 275
4 24 14 258 580
4 25 5 201 545
4 26 13 451 277
4 28 20 478 383
4 29 16 192 444
4 30 8 175 442
4 31 12 157 394
4 33 7 319 314
4 34 9 261 516
4 35 10 203 86
4 38 16 175 484
4 40 3 126 550
4 41 10 207 122
4 42 8 430 580
4 43 1 106 122
4 44 19 410 471
4 45 11 162 271
4 47 10 327 552
4 48 9 476 131
4 50 5 205 69
4 51 5 148 435
4 52 6 461 588
4 54 6 470 35
4 55 8 420 151
4 56 3 161 94
4 57 2 181 581
4 58 14 276 313
4 59 19 476 224
4 60 6 416 476
4 61 1 464 113
4 62 18 307 515
4 63 11 361 44
4 64 19 131 484
4 65 18 247 450
4 69 18 201 81
5 0 14 440 263
5 1 7 136 351
5 2 2 403 252
5 3 13 328 245
5 4 12 229 374
5 6 20 473 369
5 7 14 198 466
5 8 20 312 454
5 9 20 282 277
5 10 15 168 218
5 11 18 239 221
5 12 11 144 513
5 13 9 369 164
5 14 4 397 109
5 15 7 318 151
5 17 14 482 252
5 18 8 458 385
5 19 19 189 521
5 20 9 187 298
5 21 4 500 473
5 23 18 236 397
5 25 2 141 514
5 26 18 185 546
5 28 3 382 230
5 29 16 236 489
5 30 7 380 350
5 31 4 197 246
5 34 18 413 487
5 35 14 295 438
5 37 17 306 42
5 39 2 366 451
5 40 19 372 335
5 41 20 175 219
5 42 17 376 557
5 43 14 114 396
5 44 9 293 241
5 45 4 233 228
5 47 12 305 237
5 49 15 214 494
5 50 9 323 545
5 51 3 350 224
5 53 15 340 440
5 54 3 173 193
5 55 19 418 229
5 56 6 365 117
5 57 8 233 476
5 59 7 355 454
5 60 15 196 327
5 61 3 260 300
5 62 2 107 459
5 63 17 377 283
5 64 8 393 457
5 65 19 305 427
5 67 1 490 159
5 68 7 171 156
5 69 14 194 174
6 1 15 394 216
6 2 20 364 314
6 3 20 270 271
6 4 1 374 425
6 5 11 106 574
6 7 17 416 269
6 8 2 103 69
6 9 16 490 386
6 10 15 175 276
6 11 7 396 147
6 14 5 241 79
6 15 12 105 515
6 17 16 126 112
6 18 1 319 203
6 19 8 115 225
6 20 9 401 302
6 21 9 429 289
6 22 14 378 291
6 23 12 451 560
6 24 16 120 569
6 26 12 238 437
6 27 13 410 182
6 28 20 453 341
6 29 5 387 383
6 32 7 218 209
6 33 15 213 144
6 34 1 299 477
6 35 20 108 516
6 36 3 294 548
6 37 20 224 199
6 38 5 145 306
6 40 7 138 135
6 41 8 276 215
6 42 8 126 266
6 43 7 456 305
6 44 2 338 274
6 45 20 116 57
6 46 14 279 88
6 48 6 124 91
6 49 4 272 420
6 50 15 200 369
6 51 20 174 519
6 52 8 183 118
6 54 12 452 482
6 55 17 450 342
6 57 18 436 430
6 58 20 322 585
6 59 11 411 337
6 60 4 355 587
6 62 10 450 579
6 63 19 312 528
6 64 8 341 561
6 65 3 158 389
6 68 17 201 480
6 69 4 497 531
7 0 15 136 62
7 1 7 457 572
7 2 3 229 293
7 3 4 458 48
7 5 13 257 239
7 6 11 284 385
7 8 7 280 303
7 9 9 345 251
7 10 9 242 116
7 11 6 130 449
7 12 16 321 517
7 13 14 296 389
7 14 19 272 354
7 15 15 465 517
7 16 19 234 125
7 17 17 114 133
7 18 9 387 145
7 19 17 449 400
7 20 3 220 557
7 21 7 212 214
7 23 17 427 416
7 24 17 247 191
7 25 16 200 522
7 26 17 394 296
7 28 10 405 150
7 29 15 150 317
7 30 12 374 548
7 32 4 111 315
7 33 16 381 165
7 34 8 213 340
7 35 5 263 347
7 36 8 297 487
7 37 5 301 551
7 38 18 411 336
7 41 15 234 506
7 42 20 121 87
7 45 15 364 104
7 46 15 443 197
7 47 18 286 47
7 48 7 250 34
7 49 7 331 441
7 50 18 174 165
7 52 9 198 576
7 53 18 120 287
7 54 5 464 111
7 55 16 321 230
7 56 15 248 558
7 57 15 474 321
7 58 10 412 227
7 59 1 345 117
7 60 3 257 278
7 61 19 417 524
7 62 15 215 426
7 63 1 132 91
7 64 16 310 397
7 65 11 291 433
7 66 4 432 499
7 67 16 385 357
7 68 19 317 250
7 69 10 451 84
8 3 5 167 176
8 4 12 345 565
8 6 5 443 279
8 7 11 493 456
8 9 3 128 410
8 10 3 499 181
8 11 6 110 144
8 12 1 156 558
8 13 4 198 472
8 14 15 440 509
8 15 6 296 354
8 16 1 478 319
8 17 8 331 468
8 19 11 420 551
8 20 1 471 477
8 22 13 345 589
8 23 20 184 549
8 24 9 401 587
8 26 4 160 486
8 27 6 423 228
8 28 1 186 567
8 29 11 402 508
8 30 1 357 479
8 31 6 156 203
8 32 13 419 490
8 33 20 156 134
8 34 20 269 95
8 35 15 420 144
8 36 6 422 471
8 38 7 116 37
8 39 14 360 484
8 40 11 350 326
8 41 10 128 558
8 42 1 259 315
8 43 1 289 180
8 44 12 234 436
8 46 13 453 412
8 48 10 392 75
8 50 12 297 295
8 51 4 224 204
8 53 3 249 571
8 54 14 392 280
8 55 12 175 339
8 56 3 462 89
8 57 14 369 568
8 58 19 129 81
8 59 15 313 489
8 60 15 325 530
8 61 16 158 34
8 62 4 353 67
8 63 9 483 128
8 64 1 475 46
8 65 8 353 179
8 66 11 476 432
8 67 6 431 516
8 68 3 294 495
8 69 16 474 209
9 0 9 339 545
9 2 7 258 489
9 3 18 375 443
9 6 13 277 178
9 7 17 478 304
9 8 20 217 314
9 10 3 170 34
9 11 11 190 435
9 12 5 413 447
9 13 5 384 592
9 14 17 428 172
9 15 7 369 382
9 16 19 474 43
9 17 10 384 93
9 18 8 372 496
9 19 16 164 468
9 20 13 134 575
9 22 11 177 165
9 23 17 419 183
9 24 8 479 71
9 26 18 270 43
9 27 6 466 44
9 28 16 476 114
9 30 13 386 376
9 31 11 203 535
9 32 1 407 548
9 34 5 393 414
9 35 15 186 347
9 36 1 369 304
9 37 4 117 323
9 38 11 413 478
9 39 5 365 285
9 40 7 469 291
9 41 8 269 447
9 42 12 440 228
9 43 16 193 221
9 44 19 184 554
9 46 9 410 421
9 48 19 355 186
9 50 17 431 294
9 51 14 367 122
9 53 11 246 255
9 55 18 153 477
9 57 8 248 476
9 58 14 393 582
9 59 15 304 550
9 60 15 462 582
9 61 16 353 241
9 62 2 321 411
9 63 12 336 57
9 64 17 105 377
9 68 2 307 274
9 69 5 286 230
10 0 18 186 270
10 1 17 253 370
10 2 3 266 460
10 3 11 436 241
10 6 13 456 115
10 7 16 363 277
10 9 9 286 31
10 11 2 319 566
10 13 6 443 449
10 14 4 485 391
10 17 17 110 369
10 19 13 271 213
10 20 18 475 509
10 22 4 154 337
10 23 16 420 133
10 24 11 224 465
10 25 13 137 352
10 26 2 425 481
10 28 20 273 104
10 30 20 475 398
10 31 11 158 35
10 33 7 363 479
10 35 17 142 569
10 36 4 327 205
10 37 19 192 168
10 38 8 490 540
10 40 3 291 577
10 41 13 275 114
10 43 2 367 270
10 44 19 185 143
10 45 6 344 272
10 46 6 462 398
10 47 8 489 307
10 49 16 114 452
10 51 11 428 550
10 52 7 393 44
10 53 10 245 250
10 54 4 363 502
10 55 16 188 415
10 56 11 294 530
10 58 6 459 374
10 59 15 486 128
10 60 7 349 116
10 62 6 422 95
10 65 19 331 516
10 66 11 205 205
10 67 17 108 97
10 68 5 373 363
10 69 3 436 140
11 0 3 445 157
11 1 3 408 295
11 3 9 384 41
11 4 11 406 321
11 5 5 269 431
11 6 1 213 140
11 7 6 278 210
11 8 11 297 415
11 9 9 212 161
11 10 16 118 319
11 12 19 347 493
11 14 3 155 359
11 15 14 119 89
11 17 9 278 566
11 18 3 201 468
11 19 17 435 44
11 20 11 230 341
11 21 1 390 354
11 23 20 257 207
11 24 5 234 231
11 25 3 361 105
11 27 19 109 236
11 28 14 157 219
11 29 16 123 591
11 31 14 285 99
11 34 11 269 211
11 35 10 116 339
11 36 11 242 351
11 37 1 356 492
11 38 2 128 584
11 39 18 111 95
11 40 9 269 514
11 42 9 404 291
11 43 7 212 217
11 45 7 326 68
11 47 7 329 159
11 48 20 341 60
11 50 20 461 380
11 51 14 487 543
11 52 12 359 227
11 53 1 331 47
11 54 14 450 263
11 55 7 192 406
11 56 16 173 457
11 57 14 270 63
11 58 14 410 289
11 59 19 199 358
11 60 8 255 475
11 61 15 387 394
11 62 4 254 209
11 64 10 164 430
11 65 9 120 400
11 68 19 144 337
11 69 9 232 548
12 0 1 293 49
12 2 2 364 104
12 4 18 161 497
12 6 15 334 200
12 7 6 159 220
12 8 10 171 157
12 9 15 339 560
12 10 20 130 178
12 14 7 104 419
12 15 10 493 230
12 16 12 221 578
12 17 3 341 92
12 18 10 306 103
12 19 17 309 542
12 21 8 400 565
12 22 18 241 184
12 24 12 237 542
12 25 19 118 406
12 26 5 196 36
12 27 5 243 63
12 28 7 428 51
12 29 3 468 462
12 30 19 247 353
12 31 15 170 141
12 32 11 139 59
12 33 13 155 368
12 34 2 490 71
12 36 3 293 45
12 37 2 174 377
12 38 5 206 353
12 39 20 391 306
12 40 11 436 386
12 42 6 321 198
12 43 12 241 258
12 46 2 208 291
12 47 18 481 470
12 48 1 169 532
12 49 17 151 295
12 50 9 187 207
12 51 5 403 592
12 52 3 375 518
12 53 7 416 133
12 54 18 433 502
12 55 10 338 240
12 56 13 131 338
12 59 1 233 265
12 60 20 311 136
12 61 18 219 237
12 62 1 249 41
12 63 13 448 588
12 64 1 150 248
12 65 8 359 298
12 67 6 299 379
12 68 20 203 200
13 0 4 152 384
13 1 2 330 149
13 2 4 230 225
13 3 1 307 57
13 5 14 349 257
13 6 12 341 192
13 7 19 157 264
13 9 1 272 232
13 10 10 120 533
13 11 14 152 105
13 14 13 220 190
13 15 19 113 506
13 16 11 412 155
13 17 13 182 469
13 18 18 278 58
13 20 10 208 377
13 21 18 373 207
13 22 15 319 442
13 23 12 322 442
13 24 1 280 225
13 26 1 283 345
13 27 7 356 244
13 29 15 333 124
13 30 11 293 195
13 31 10 333 75
13 32 14 173 198
13 33 8 199 35
13 34 20 167 330
13 35 15 354 237
13 36 13 406 554
13 37 7 475 32
13 38 1 117 328
13 39 9 186 241
13 40 1 243 204
13 41 8 495 300
13 42 4 488 301
13 44 3 361 527
13 45 11 401 482
13 46 15 479 209
13 47 12 138 493
13 48 3 160 308
13 49 17 391 448
13 51 18 424 512
13 52 20 144 208
13 53 9 128 370
13 54 7 378 481
13 55 2 388 174
13 56 17 122 115
13 57 14 265 95
13 59 9 432 112
13 60 20 470 286
13 61 17 263 433
13 62 1 464 134
13 63 6 183 592
13 64 13 312 520
13 65 17 218 543
13 67 15 498 508
13 68 15 324 356
13 69 19 324 336
14 1 18 428 512
14 2 10 348 173
14 4 10 494 78
14 5 9 495 293
14 6 13 453 356
14 7 3 414 571
14 8 7 151 78
14 9 6 318 59
14 11 14 474 245
14 12 1 144 406
14 15 15 127 411
14 16 18 226 410
14 18 13 336 234
14 19 5 186 283
14 20 13 184 590
14 21 4 396 568
14 23 5 102 543
14 24 4 335 584
14 26 4 283 167
14 27 9 474 123
14 28 20 403 400
14 31 16 331 520
14 32 20 333 266
14 33 20 233 558
14 34 7 177 592
14 35 10 458 76
14 36 4 343 121
14 37 13 272 355
14 39 8 377 347
14 41 6 278 37
14 44 5 111 514
14 46 17 489 255
14 47 3 127 84
14 48 1 146 245
14 49 4 103 271
14 51 5 463 71
14 52 12 498 515
14 53 3 479 176
14 55 15 410 376
14 57 10 478 511
14 59 10 241 456
14 60 7 436 532
14 61 7 376 264
14 62 18 223 65
14 63 3 229 546
14 64 15 432 255
14 66 18 159 123
14 67 8 433 101
14 68 16 457 437
14 69 9 417 105
15 0 6 186 408
15 1 9 156 501
15 3 13 492 303
15 4 15 442 372
15 6 11 240 185
15 7 7 350 242
15 8 13 327 200
15 10 18 246 153
15 11 17 193 438
15 12 11 450 422
15 13 4 456 200
15 14 19 422 533
15 16 6 476 184
15 18 17 487 459
15 19 8 301 576
15 20 20 272 310
15 21 11 104 438
15 22 2 272 77
15 23 10 395 470
15 24 5 242 434
15 25 7 241 167
15 26 9 142 349
15 27 7 268 315
15 28 7 498 543
15 29 16 411 472
15 30 7 363 532
15 31 14 215 235
15 32 9 144 416
15 33 14 481 373
15 36 11 119 562
15 37 19 387 409
15 38 6 389 58
15 39 7 490 571
15 40 20 342 149
15 41 19 114 108
15 42 17 161 236
15 43 14 125 127
15 44 11 301 340
15 46 9 412 168
15 47 10 381 548
15 48 8 489 31
15 50 18 466 43
15 52 20 330 406
15 53 6 315 190
15 54 6 144 338
15 55 3 298 173
15 56 11 217 235
15 57 13 302 255
15 58 13 119 323
15 59 14 163 357
15 62 7 453 387
15 63 17 166 339
15 64 18 237 323
15 66 1 438 298
15 67 17 320 499
15 68 12 268 226
15 69 8 273 92
16 1 13 176 299
16 2 4 485 160
16 3 6 267 134
16 5 20 134 275
16 6 4 313 576
16 7 18 266 451
16 8 9 209 75
16 9 7 128 55
16 10 8 496 191
16 11 3 222 174
16 12 9 481 83
16 13 17 184 325
16 15 3 176 325
16 17 15 338 204
16 18 12 313 314
16 19 10 471 279
16 20 8 364 119
16 21 14 272 515
16 23 4 230 231
16 24 5 442 356
16 26 20 496 478
16 27 11 426 464
16 28 6 432 406
16 29 2 450 418
16 30 1 388 417
16 32 16 207 390
16 34 4 435 305
16 35 7 314 280
16 36 16 217 183
16 37 15 260 335
16 39 6 184 183
16 40 14 473 569
16 41 9 289 412
16 43 6 356 394
16 44 1 269 454
16 45 9 420 237
16 46 1 404 112
16 47 6 337 43
16 48 12 333 471
16 49 11 347 103
16 50 20 135 435
16 52 1 368 502
16 53 3 108 341
16 54 1 315 524
16 55 20 450 583
16 56 9 308 404
16 57 11 241 131
16 58 3 137 415
16 59 12 121 204
16 60 8 274 381
16 61 20 314 241
16 62 8 229 464
16 63 2 193 223
16 64 7 207 151
16 65 8 227 517
16 68 14 253 187
16 69 12 297 582
17 1 10 136 321
17 2 11 240 51
17 3 7 279 125
17 4 3 312 462
17 6 6 110 298
17 7 11 154 529
17 8 3 291 294
17 9 10 392 477
17 11 11 157 556
17 12 10 295 229
17 13 12 469 102
17 14 19 397 481
17 15 17 102 245
17 18 8 197 36
17 19 16 240 30
17 20 3 480 380
17 21 16 266 566
17 22 17 116 75
17 23 7 373 284
17 25 19 237 259
17 26 7 174 575
17 28 15 302 179
17 29 18 281 570
17 30 18 158 108
17 33 20 484 197
17 34 20 177 139
17 35 13 120 321
17 37 18 306 534
17 38 15 441 176
17 39 10 490 69
17 40 15 200 401
17 41 8 208 394
17 42 6 349 484
17 44 4 427 551
17 45 8 459 413
17 46 10 123 96
17 47 16 284 397
17 48 18 166 136
17 50 2 332 430
17 51 5 113 316
17 53 8 158 460
17 54 12 469 114
17 55 14 478 515
17 56 9 338 396
17 57 13 192 224
17 58 10 160 326
17 59 3 114 451
17 60 12 298 535
17 61 18 294 61
17 63 14 325 87
17 64 16 137 465
17 65 19 348 194
17 66 9 198 180
17 67 16 403 207
17 68 8 275 508
17 69 20 306 294
18 0 12 226 299
18 1 12 248 56
18 2 9 193 351
18 4 5 426 179
18 5 12 468 452
18 6 14 217 233
18 7 4 377 36
18 8 13 458 271
18 9 18 428 481
18 10 14 127 429
18 12 18 305 222
18 13 14 374 82
18 15 8 492 45
18 16 9 407 302
18 17 4 202 281
18 19 6 432 483
18 21 16 146 435
18 22 11 113 301
18 23 14 206 40
18 24 17 411 263
18 25 7 122 406
18 27 4 145 163
18 29 10 212 327
18 30 6 495 217
18 31 10 347 289
18 32 7 415 396
18 33 9 200 174
18 34 12 108 34
18 35 1 142 376
18 36 12 296 396
18 37 17 111 498
18 38 5 250 539
18 40 10 201 500
18 41 8 189 467
18 43 7 369 173
18 44 1 364 474
18 45 19 285 561
18 46 10 244 253
18 48 9 148 580
18 49 9 229 225
18 50 1 421 214
18 51 14 441 185
18 52 8 459 456
18 53 4 188 217
18 54 6 396 301
18 55 5 261 310
18 56 19 368 363
18 57 14 356 170
18 58 20 426 325
18 60 4 462 102
18 63 10 213 389
18 65 6 182 237
18 66 11 253 388
18 67 19 423 180
18 68 5 403 303
19 0 2 219 111
19 2 1 321 343
19 3 7 290 346
19 4 5 209 530
19 5 2 198 68
19 6 15 127 238
19 7 9 479 132
19 8 10 188 549
19 9 10 155 564
19 10 2 149 453
19 12 2 108 272
19 13 7 344 524
19 14 14 360 506
19 15 17 197 474
19 16 11 492 131
19 17 8 327 486
19 20 3 429 584
19 22 18 456 267
19 23 8 221 590
19 24 15 290 241
19 25 14 217 62
19 26 4 384 109
19 27 20 303 263
19 28 17 336 137
19 29 8 385 98
19 30 9 123 128
19 32 17 296 486
19 33 15 138 556
19 34 14 416 301
19 35 16 204 527
19 36 20 149 465
19 37 2 171 153
19 39 6 344 415
19 41 6 394 356
19 42 5 217 513
19 43 14 378 366
19 44 2 310 189
19 45 13 133 357
19 48 9 116 479
19 50 2 296 100
19 52 19 500 367
19 53 16 317 269
19 54 9 103 251
19 55 3 414 278
19 56 11 378 592
19 57 17 233 473
19 58 9 318 228
19 59 6 270 437
19 60 13 306 379
19 61 12 351 560
19 62 19 312 567
19 63 20 436 137
19 65 11 293 423
19 66 3 272 386
19 67 3 404 64
19 68 7 172 440
19 69 14 342 356
20 0 14 177 297
20 1 2 445 506
20 2 10 278 223
20 4 20 330 478
20 7 2 474 117
20 9 12 434 31
20 10 3 100 170
20 11 2 259 271
20 13 6 299 268
20 14 3 327 209
20 15 4 128 534
20 16 3 401 249
20 17 15 107 419
20 19 2 108 559
20 21 20 366 175
20 22 6 352 512
20 23 19 100 76
20 24 4 384 106
20 25 20 171 572
20 26 10 258 266
20 28 8 182 99
20 29 14 466 152
20 30 16 348 424
20 32 5 257 256
20 33 19 135 559
20 34 3 338 455
20 35 14 469 471
20 36 10 102 93
20 37 17 318 446
20 39 18 134 379
20 40 8 308 83
20 41 18 262 396
20 42 17 156 315
20 43 10 289 329
20 44 8 339 510
20 45 8 267 254
20 46 11 462 424
20 47 2 403 100
20 48 6 184 230
20 49 15 415 199
20 50 4 135 317
20 51 14 156 194
20 52 8 476 275
20 53 19 427 164
20 54 14 118 220
20 55 14 200 215
20 56 11 306 214
20 58 13 278 331
20 59 20 259 413
20 60 11 298 355
20 61 11 282 576
20 62 6 208 353
20 63 20 255 344
20 64 1 217 190
20 65 16 320 537
20 66 7 493 213
20 67 20 279 131
20 69 9 442 574
21 0 2 180 338
21 2 20 184 245
21 3 11 395 515
21 4 11 429 338
21 5 8 150 417
21 6 9 233 188
21 10 8 184 320
21 11 10 431 30
21 12 19 456 542
21 13 6 342 380
21 14 19 173 116
21 15 16 450 285
21 17 1 290 161
21 18 6 424 35
21 19 13 426 511
21 22 10 156 503
21 23 17 252 59
21 24 11 192 117
21 25 12 455 37
21 26 16 147 490
21 28 13 253 551
21 29 8 447 492
21 30 4 305 95
21 32 15 137 362
21 33 10 351 278
21 35 12 384 108
21 36 10 372 269
21 37 12 457 226
21 39 4 466 565
21 41 13 250 318
21 42 19 185 352
21 43 3 106 123
21 44 20 250 227
21 45 16 274 208
21 46 13 247 209
21 47 1 427 108
21 48 9 303 84
21 49 17 144 506
21 50 10 197 467
21 51 19 252 54
21 52 12 118 42
21 54 10 458 44
21 55 12 211 242
21 56 9 293 274
21 57 6 214 292
21 58 16 194 497
21 59 6 422 243
21 60 20 144 125
21 61 15 337 366
21 62 7 450 333
21 64 10 458 400
21 65 20 306 523
21 66 2 392 276
21 67 14 405 222
21 69 6 114 392
22 0 11 138 473
22 1 17 470 261
22 2 10 162 48
22 4 19 410 105
22 5 18 109 106
22 6 8 475 492
22 7 20 203 477
22 8 12 107 462
22 9 8 128 60
22 10 3 350 199
22 11 17 293 358
22 12 3 290 525
22 13 1 343 107
22 14 20 374 592
22 15 1 437 296
22 16 16 245 411
22 17 20 181 375
22 18 20 461 430
22 19 18 384 82
22 21 12 486 183
22 23 2 425 371
22 25 20 111 533
22 26 18 107 284
22 27 9 323 241
22 28 9 218 508
22 29 5 404 61
22 31 20 224 340
22 32 11 140 269
22 33 1 392 240
22 34 11 361 80
22 35 8 115 154
22 36 13 181 479
22 37 5 330 558
22 38 5 324 558
22 39 7 332 345
22 40 10 315 282
22 42 11 192 209
22 43 10 383 572
22 44 4 302 145
22 45 17 355 374
22 46 17 267 575
22 48 3 281 214
22 49 16 121 529
22 50 14 116 123
22 51 6 396 470
22 52 5 242 229
22 53 6 252 378
22 54 18 228 434
22 57 1 288 121
22 58 5 237 395
22 59 13 411 174
22 60 3 182 449
22 62 19 295 495
22 63 14 261 516
22 64 4 202 239
22 65 16 212 209
22 66 6 108 63
22 67 19 332 567
22 68 3 116 91
22 69 15 344 390
23 0 9 348 148
23 1 3 200 132
23 2 2 160 195
23 3 11 432 106
23 4 15 193 515
23 6 4 101 336
23 7 8 103 343
23 9 19 376 463
23 12 18 256 167
23 13 18 497 545
23 16 2 359 109
23 17 17 478 235
23 20 18 367 101
23 24 12 415 557
23 27 11 394 284
23 28 17 138 279
23 30 3 218 65
23 31 12 248 554
23 32 3 478 91
23 33 15 364 184
23 34 1 459 230
23 35 16 413 544
23 36 10 218 398
23 37 19 151 587
23 38 8 248 404
23 40 18 356 209
23 41 2 371 318
23 42 12 406 263
23 43 9 276 521
23 44 2 219 168
23 45 19 280 262
23 46 12 493 281
23 47 7 113 123
23 48 4 389 365
23 49 15 297 90
23 50 14 196 349
23 51 2 464 575
23 52 8 354 124
23 54 2 460 498
23 55 20 161 164
23 56 9 453 246
23 57 19 150 325
23 58 9 195 392
23 59 18 272 125
23 60 11 467 458
23 61 14 326 434
23 62 10 292 232
23 63 6 468 252
23 64 6 259 449
23 66 6 457 279
23 67 4 143 277
23 68 6 120 417
24 0 3 410 298
24 1 3 394 182
24 2 2 436 308
24 4 15 415 545
24 5 3 207 278
24 6 20 112 236
24 7 7 137 215
24 8 19 471 522
24 9 15 215 261
24 10 13 171 324
24 11 18 110 142
24 14 6 292 57
24 15 1 220 155
24 16 15 126 285
24 17 5 321 120
24 19 13 478 442
24 20 17 199 160
24 21 15 338 436
24 22 8 389 545
24 23 18 494 572
24 25 1 471 500
24 27 17 209 318
24 28 20 102 142
24 29 13 196 432
24 32 15 297 176
24 35 10 150 271
24 36 20 129 273
24 37 1 102 37
24 38 13 456 82
24 39 20 108 342
24 40 3 205 405
24 41 17 225 290
24 42 12 195 183
24 44 17 138 451
24 45 13 328 320
24 46 19 491 99
24 47 7 139 58
24 49 8 432 366
24 50 15 207 424
24 51 2 396 177
24 52 12 234 220
24 53 10 351 87
24 54 19 239 376
24 55 8 153 307
24 56 20 259 164
24 57 10 453 143
24 58 17 303 228
24 60 15 204 67
24 63 6 269 553
24 64 7 181 262
24 65 5 279 60
24 66 2 181 547
24 67 3 184 114
24 68 1 245 537
24 69 18 471 501
25 0 11 105 297
25 1 16 321 360
25 2 2 395 347
25 3 14 427 153
25 4 1 457 183
25 5 9 252 130
25 6 17 225 420
25 7 11 400 133
25 8 2 165 104
25 9 4 456 172
25 10 8 495 431
25 11 12 158 416
25 14 10 319 419
25 15 10 346 573
25 16 19 261 416
25 17 1 108 415
25 18 1 479 378
25 19 8 292 77
25 20 19 462 355
25 24 16 182 497
25 27 1 197 397
25 28 9 302 45
25 29 17 180 351
25 30 20 401 536
25 31 4 434 135
25 32 4 112 419
25 33 2 381 402
25 34 19 372 44
25 35 11 231 579
25 37 14 415 143
25 38 8 280 371
25 39 20 250 124
25 40 10 239 118
25 41 16 438 544
25 42 2 488 577
25 43 8 320 237
25 45 19 216 361
25 46 16 194 571
25 47 7 362 165
25 48 20 456 130
25 49 19 207 455
25 52 20 407 516
25 53 20 383 328
25 54 13 423 431
25 55 3 272 414
25 57 4 208 385
25 58 13 247 58
25 59 2 232 171
25 60 11 408 77
25 61 1 385 490
25 62 14 277 253
25 64 18 473 93
25 65 1 116 324
25 66 9 241 279
25 68 7 348 543
25 69 5 293 551
26 0 1 259 241
26 1 4 451 89
26 4 5 182 546
26 5 5 469 207
26 6 8 204 240
26 7 6 124 219
26 8 10 379 78
26 11 19 493 534
26 12 12 202 282
26 13 2 199 212
26 14 1 237 265
26 15 2 287 464
26 16 13 137 460
26 18 4 499 114
26 19 8 423 558
26 20 3 304 184
26 22 16 485 473
26 23 3 359 80
26 25 19 159 486
26 27 20 132 141
26 28 20 394 287
26 29 2 465 322
26 30 14 339 59
26 31 18 269 263
26 32 4 362 103
26 33 13 352 559
26 34 7 484 153
26 35 12 309 438
26 37 20 321 96
26 38 12 332 536
26 40 20 182 553
26 41 15 451 281
26 42 13 261 75
26 43 10 312 225
26 44 16 329 248
26 46 3 376 334
26 47 15 250 242
26 48 19 110 112
26 50 15 438 238
26 51 3 206 228
26 52 14 100 260
26 53 10 397 208
26 55 8 423 139
26 56 15 429 587
26 57 14 433 63
26 58 1 460 211
26 60 13 366 555
26 61 16 339 98
26 62 17 398 425
26 63 19 436 368
26 64 14 236 530
26 65 5 425 148
26 67 8 479 177
26 68 1 350 387
26 69 12 228 384
27 0 2 419 536
27 1 13 301 382
27 2 9 190 184
27 3 16 244 571
27 5 10 397 344
27 6 19 395 345
27 7 4 445 58
27 8 10 354 540
27 9 20 322 417
27 10 18 420 437
27 11 2 485 110
27 12 17 254 503
27 13 6 145 228
27 14 7 488 256
27 15 4 357 86
27 16 13 318 159
27 18 7 347 408
27 20 12 277 415
27 21 17 106 457
27 22 17 125 209
27 23 11 151 344
27 24 7 389 393
27 25 9 116 82
27 26 7 388 503
27 28 2 264 148
27 29 9 280 61
27 30 20 453 84
27 31 7 186 210
27 32 10 160 430
27 33 6 111 271
27 35 1 170 426
27 38 18 405 33
27 39 15 347 284
27 41 20 209 306
27 42 16 120 180
27 43 20 400 463
27 44 20 282 584
27 45 16 450 510
27 46 3 470 558
27 47 9 336 83
27 48 9 449 140
27 49 3 105 335
27 56 4 260 304
27 57 5 146 65
27 58 4 443 587
27 59 3 380 63
27 60 2 245 532
27 62 6 331 100
27 63 11 283 276
27 64 7 402 111
27 65 15 373 170
27 66 16 195 420
27 68 9 492 448
27 69 11 395 215
28 0 13 404 568
28 1 6 387 505
28 2 9 384 579
28 3 13 412 168
28 4 17 376 362
28 5 14 170 270
28 6 4 338 171
28 7 12 139 437
28 8 5 373 505
28 9 13 278 569
28 11 5 341 544
28 13 17 379 356
28 14 16 252 140
28 15 3 489 407
28 16 6 280 33
28 17 8 498 156
28 18 5 194 517
28 19 3 291 576
28 20 1 481 233
28 23 5 284 163
28 24 7 491 588
28 25 8 287 578
28 27 19 286 207
28 29 11 399 63
28 30 19 209 59
28 31 17 227 411
28 33 4 306 525
28 34 3 429 408
28 35 7 227 443
28 36 20 227 434
28 37 4 260 216
28 39 20 305 262
28 42 14 255 186
28 43 7 440 503
28 44 6 360 143
28 45 7 307 57
28 46 5 273 327
28 47 12 243 200
28 48 19 113 183
28 49 1 204 187
28 50 9 263 100
28 52 4 500 373
28 53 14 213 531
28 54 9 232 67
28 55 6 445 68
28 56 8 225 379
28 57 2 224 469
28 58 4 322 165
28 59 15 129 270
28 60 5 436 40
28 61 19 470 196
28 62 20 308 458
28 63 14 459 120
28 64 13 165 186
28 66 20 390 102
28 67 9 232 271
28 69 3 279 501
29 0 18 217 385
29 1 9 223 508
29 2 16 411 509
29 5 8 485 153
29 7 5 454 150
29 8 8 479 586
29 9 11 108 463
29 10 1 126 187
29 11 19 456 345
29 12 2 365 114
29 14 11 297 486
29 15 11 389 70
29 16 14 343 579
29 17 15 442 539
29 18 12 245 97
29 19 11 144 356
29 20 8 348 387
29 21 1 125 202
29 22 16 378 231
29 23 15 178 72
29 25 4 454 531
29 27 12 326 433
29 28 14 435 538
29 30 11 355 582
29 31 11 101 231
29 32 13 181 278
29 33 6 457 525
29 34 15 234 249
29 35 16 324 380
29 36 12 106 517
29 37 17 357 87
29 38 13 423 459
29 39 13 362 579
29 40 12 181 352
29 42 8 336 251
29 43 16 272 387
29 44 7 163 470
29 45 5 294 224
29 46 20 467 235
29 47 5 315 446
29 48 11 256 184
29 49 3 178 395
29 50 4 263 31
29 51 10 396 562
29 52 17 467 357
29 53 13 234 363
29 55 16 350 131
29 56 4 247 477
29 57 4 172 264
29 58 6 285 154
29 60 11 157 523
29 61 6 288 53
29 63 16 215 534
29 66 1 216 129
29 67 11 399 90
29 68 20 455 422
29 69 17 273 349
30 0 4 350 263
30 1 1 350 297
30 2 14 202 546
30 3 16 465 278
30 4 7 412 65
30 5 6 475 387
30 6 5 342 557
30 8 14 403 112
30 9 18 423 266
30 10 3 150 369
30 12 4 477 449
30 13 14 453 316
30 14 6 274 65
30 15 1 214 424
30 19 4 168 464
30 20 15 411 119
30 21 15 475 434
30 22 12 180 171
30 23 2 216 538
30 24 6 169 475
30 25 5 115 516
30 28 6 426 193
30 31 13 439 81
30 32 20 354 36
30 34 7 146 396
30 35 19 294 360
30 36 12 101 327
30 38 7 199 332
30 40 9 361 481
30 41 3 371 181
30 43 12 446 477
30 44 17 444 279
30 45 5 328 468
30 47 1 209 425
30 48 12 266 265
30 49 2 404 452
30 50 3 420 314
30 51 9 136 88
30 52 17 212 461
30 53 8 137 174
30 56 16 393 96
30 57 16 253 424
30 58 8 305 525
30 59 15 315 174
30 60 9 345 305
30 61 14 320 162
30 62 15 183 343
30 64 13 438 365
30 65 18 352 518
30 66 5 192 411
30 67 5 120 93
30 68 6 328 440
30 69 17 205 38
31 0 19 289 488
31 1 15 158 341
31 2 2 409 229
31 3 12 146 524
31 4 8 357 287
31 5 9 440 149
31 6 4 188 160
31 7 13 137 472
31 8 10 331 512
31 9 15 213 243
31 10 3 490 423
31 12 3 115 566
31 13 18 249 193
31 14 2 201 554
31 15 18 346 244
31 16 14 358 462
31 17 14 222 197
31 19 13 291 238
31 20 12 456 60
31 22 18 462 114
31 24 1 107 367
31 25 14 289 473
31 26 1 495 338
31 27 5 233 452
31 29 1 101 440
31 30 9 196 194
31 32 4 227 298
31 33 17 361 255
31 34 11 126 343
31 35 10 164 529
31 36 9 173 309
31 37 18 372 448
31 38 8 201 430
31 39 17 115 134
31 40 3 201 162
31 41 18 234 502
31 42 12 230 105
31 46 5 493 390
31 47 7 334 145
31 49 13 321 261
31 50 11 477 138
31 52 3 389 34
31 53 12 432 77
31 54 11 484 67
31 56 14 105 410
31 57 11 236 187
31 59 18 196 199
31 60 16 336 358
31 62 12 396 341
31 63 19 152 440
31 64 12 194 122
31 66 6 339 133
31 67 1 363 343
31 69 3 421 362
32 0 20 159 174
32 1 20 191 428
32 2 4 242 524
32 3 10 312 446
32 5 20 278 566
32 6 13 292 501
32 8 12 355 82
32 9 3 465 172
32 10 13 113 196
32 11 3 363 289
32 12 16 332 242
32 13 19 134 207
32 14 15 119 122
32 16 9 203 203
32 17 7 373 403
32 18 14 242 370
32 19 10 250 341
32 21 11 472 555
32 23 6 192 51
32 24 2 359 55
32 25 8 383 119
32 26 17 174 487
32 27 1 255 126
32 28 3 356 592
32 29 17 229 139
32 30 6 451 463
32 31 17 372 429
32 33 14 318 441
32 34 9 464 180
32 35 20 382 293
32 36 4 190 131
32 38 17 416 322
32 39 4 316 443
32 40 3 289 322
32 41 8 490 49
32 44 13 131 504
32 46 4 302 578
32 47 14 263 434
32 48 14 224 444
32 49 1 371 513
32 50 1 139 415
32 51 1 109 467
32 52 15 116 149
32 54 4 318 251
32 55 4 162 113
32 56 14 417 392
32 57 2 185 69
32 58 4 448 577
32 59 1 343 349
32 61 1 333 136
32 62 11 301 496
32 64 6 137 106
32 66 6 272 343
32 67 11 160 535
32 68 8 199 263
32 69 18 403 491
33 0 5 397 427
33 2 9 344 38
33 3 3 329 329
33 4 3 256 408
33 5 5 434 463
33 7 15 449 456
33 8 17 217 450
33 10 8 446 357
33 11 17 277 403
33 12 2 466 387
33 13 8 261 53
33 15 11 260 132
33 16 18 271 461
33 18 5 273 353
33 20 7 395 130
33 21 9 243 347
33 22 15 277 82
33 23 12 118 90
33 24 11 355 103
33 27 11 447 581
33 28 12 377 557
33 29 5 481 360
33 30 9 166 547
33 31 15 380 372
33 32 15 296 346
33 35 17 230 33
33 38 20 193 431
33 39 8 284 69
33 40 9 380 250
33 41 15 257 207
33 42 20 325 66
33 43 5 279 288
33 44 13 494 135
33 46 5 199 452
33 47 7 262 263
33 48 20 455 143
33 49 17 222 355
33 50 12 254 507
33 53 6 476 187
33 55 15 428 210
33 56 10 451 434
33 57 4 182 138
33 58 15 493 113
33 59 13 401 375
33 60 15 302 506
33 61 12 475 96
33 63 5 314 510
33 64 11 117 170
33 65 2 433 547
33 66 10 421 549
33 67 1 221 492
33 68 20 205 386
33 69 1 115 444
34 0 3 500 116
34 1 1 204 440
34 2 9 146 465
34 4 2 130 236
34 5 10 334 530
34 6 1 171 332
34 7 8 318 74
34 8 4 345 416
34 10 11 151 550
34 12 19 230 255
34 13 15 240 241
34 14 6 167 551
34 15 1 379 335
34 17 4 147 540
34 18 11 408 255
34 19 10 101 545
34 20 4 144 522
34 21 16 392 455
34 22 19 304 523
34 23 11 261 145
34 24 11 176 156
34 26 3 236 254
34 27 9 372 200
34 29 8 306 584
34 30 7 174 162
34 31 3 185 487
34 32 1 250 260
34 33 1 304 374
34 35 14 109 200
34 37 8 345 402
34 38 14 369 421
34 39 16 190 512
34 40 3 289 268
34 42 1 222 412
34 43 19 284 211
34 44 5 123 396
34 45 6 276 129
34 47 12 258 453
34 51 7 262 452
34 52 9 482 131
34 54 2 362 546
34 55 18 155 239
34 56 19 204 247
34 57 15 101 517
34 58 18 177 502
34 59 17 194 490
34 60 6 377 259
34 61 3 147 307
34 62 16 370 33
34 63 19 404 202
34 65 16 261 542
34 66 15 330 69
34 67 4 313 156
34 68 4 361 182
35 0 2 323 239
35 1 7 189 39
35 2 1 289 218
35 3 1 177 382
35 4 13 452 338
35 5 16 411 411
35 8 13 467 434
35 9 14 335 350
35 10 4 129 361
35 11 2 483 546
35 13 19 420 53
35 14 7 258 491
35 15 15 307 481
35 18 1 323 115
35 19 15 137 54
35 20 5 336 468
35 21 9 233 510
35 22 5 363 52
35 23 10 419 79
35 24 9 385 327
35 25 20 160 164
35 26 16 310 538
35 28 8 343 37
35 29 13 238 582
35 30 16 348 482
35 31 2 189 232
35 33 4 270 53
35 34 9 349 98
35 36 4 380 400
35 37 15 168 141
35 38 6 444 285
35 39 14 176 518
35 41 12 142 46
35 42 4 114 48
35 43 6 304 430
35 44 2 439 242
35 45 5 351 244
35 47 4 430 469
35 48 5 435 53
35 49 13 437 318
35 50 7 438 332
35 51 17 237 391
35 52 8 302 84
35 53 4 456 414
35 54 15 189 163
35 55 20 280 216
35 56 12 214 456
35 57 20 336 275
35 58 4 228 48
35 60 20 256 320
35 61 10 206 535
35 62 13 256 146
35 63 8 381 301
35 64 18 409 182
35 65 19 283 496
35 66 19 380 460
35 67 3 243 435
35 68 2 381 288
35 69 17 207 251
36 0 17 389 211
36 1 20 430 573
36 2 1 443 436
36 3 18 161 428
36 4 19 104 149
36 5 19 476 416
36 6 5 263 196
36 7 17 283 499
36 8 18 114 476
36 9 1 499 233
36 10 14 348 222
36 11 12 488 269
36 13 20 154 150
36 14 18 154 112
36 16 10 468 170
36 17 1 341 538
36 19 18 425 197
36 21 1 484 411
36 22 18 111 581
36 23 5 484 427
36 25 6 115 182
36 26 2 334 253
36 30 6 201 120
36 31 3 259 361
36 32 19 152 335
36 33 15 109 212
36 34 16 441 320
36 37 13 337 487
36 40 14 465 513
36 41 3 261 149
36 42 18 233 64
36 43 7 483 454
36 44 5 269 147
36 45 5 138 439
36 46 18 422 371
36 47 13 349 282
36 48 20 345 119
36 49 9 310 89
36 50 10 354 136
36 51 12 302 136
36 52 17 139 44
36 53 13 110 407
36 56 20 164 321
36 57 2 482 496
36 58 19 104 167
36 59 9 467 508
36 60 6 336 87
36 64 9 152 110
36 65 5 397 432
36 66 6 263 354
36 68 16 436 319
36 69 9 135 351
37 0 19 469 307
37 2 3 229 294
37 5 1 291 456
37 6 1 366 440
37 7 6 373 414
37 8 18 323 93
37 9 12 186 529
37 10 12 144 145
37 12 20 310 511
37 13 8 304 424
37 16 20 394 47
37 17 9 297 175
37 18 18 401 415
37 19 12 237 106
37 21 11 385 303
37 22 10 168 525
37 23 19 177 34
37 24 7 392 441
37 25 7 308 208
37 26 3 195 215
37 27 5 464 166
37 28 12 364 31
37 29 8 204 499
37 31 14 289 587
37 35 5 335 481
37 36 4 144 271
37 38 16 145 203
37 39 17 293 52
37 40 4 179 461
37 42 15 262 107
37 43 12 203 57
37 44 8 437 163
37 48 20 358 396
37 49 11 192 179
37 50 17 256 238
37 54 6 292 128
37 55 4 341 121
37 56 5 448 110
37 57 14 465 319
37 58 3 306 482
37 62 3 107 67
37 63 1 402 456
37 64 3 233 441
37 66 5 385 251
37 67 6 156 497
37 68 16 463 436
38 0 5 208 415
38 2 7 464 402
38 3 8 282 492
38 4 13 364 85
38 5 3 409 83
38 6 20 495 127
38 9 4 445 121
38 10 9 207 123
38 11 16 469 392
38 12 4 493 128
38 13 1 444 383
38 14 1 278 440
38 15 6 153 112
38 16 11 314 291
38 17 10 166 119
38 18 16 469 376
38 19 11 406 269
38 20 15 416 140
38 21 14 266 150
38 22 3 298 459
38 24 12 494 415
38 25 9 389 346
38 26 19 431 517
38 27 10 486 122
38 28 2 274 126
38 29 11 276 49
38 30 10 308 555
38 31 16 387 405
38 32 6 486 421
38 34 2 205 373
38 35 1 102 375
38 36 6 321 129
38 39 15 383 275
38 40 1 319 535
38 41 15 478 485
38 42 7 434 523
38 43 16 349 517
38 44 12 175 292
38 45 6 222 346
38 46 8 437 558
38 47 15 316 136
38 48 20 311 348
38 49 17 250 335
38 50 1 296 94
38 51 17 195 496
38 52 17 370 583
38 53 7 136 318
38 54 14 191 516
38 55 7 311 427
38 56 4 284 435
38 58 3 445 55
38 59 16 375 435
38 60 9 390 412
38 61 12 160 310
38 62 11 326 30
38 63 18 475 491
38 64 10 156 524
38 65 10 219 41
38 66 19 134 412
38 67 15 436 82
38 68 1 490 579
38 69 12 169 396
39 0 14 303 268
39 1 17 408 369
39 2 5 444 374
39 3 9 246 512
39 4 5 342 271
39 5 11 160 368
39 6 9 137 54
39 7 11 116 240
39 9 5 193 245
39 10 6 262 585
39 12 9 290 300
39 13 11 364 158
39 14 10 236 313
39 15 18 495 190
39 16 1 493 235
39 17 8 308 41
39 18 12 352 252
39 19 10 253 409
39 20 11 288 427
39 23 16 279 145
39 24 17 492 50
39 25 5 478 288
39 26 18 289 362
39 27 11 384 134
39 28 18 227 536
39 29 7 393 182
39 30 7 424 550
39 31 20 307 43
39 33 2 417 512
39 34 9 446 338
39 35 8 456 186
39 36 4 378 298
39 37 9 460 272
39 38 6 483 395
39 40 17 318 98
39 41 12 443 201
39 43 11 329 585
39 44 16 332 126
39 45 4 484 43
39 46 7 457 199
39 48 2 154 62
39 49 9 456 249
39 50 14 216 551
39 51 16 438 302
39 52 7 213 316
39 54 15 452 96
39 55 4 439 379
39 56 13 185 221
39 58 5 253 69
39 59 16 247 479
39 61 14 298 141
39 62 7 498 333
39 63 6 394 160
39 64 9 193 436
39 65 7 360 393
39 66 3 182 586
39 67 3 497 347
39 68 20 141 397
39 69 19 136 491
40 0 8 464 92
40 1 14 360 355
40 2 5 164 368
40 3 11 357 564
40 5 3 444 429
40 6 16 462 562
40 8 8 106 557
40 10 11 133 139
40 11 3 208 291
40 12 2 421 73
40 13 15 341 130
40 14 6 343 268
40 15 14 122 98
40 16 14 401 483
40 17 4 194 576
40 18 19 282 309
40 19 8 148 437
40 20 7 445 520
40 22 8 433 165
40 23 12 206 441
40 25 10 189 547
40 26 19 476 443
40 27 4 467 358
40 30 9 203 584
40 31 4 421 320
40 32 5 378 37
40 34 8 484 161
40 35 20 474 312
40 36 6 478 352
40 38 11 248 216
40 39 20 433 450
40 41 16 218 41
40 42 4 194 95
40 43 20 371 203
40 44 13 314 194
40 45 4 122 575
40 46 17 250 79
40 48 19 316 319
40 49 16 395 194
40 50 20 166 228
40 51 8 322 396
40 52 8 450 519
40 53 1 372 355
40 54 17 231 367
40 55 20 279 267
40 56 3 285 221
40 57 19 288 331
40 58 8 173 35
40 59 7 214 472
40 60 13 195 454
40 61 16 351 387
40 62 13 121 155
40 63 12 196 448
40 64 5 392 134
40 65 15 477 567
40 66 6 495 559
40 67 2 184 285
40 68 2 150 444
40 69 18 377 142
41 0 6 449 589
41 1 8 256 127
41 3 18 132 315
41 4 7 211 314
41 5 9 272 315
41 6 18 167 416
41 7 5 140 92
41 9 6 444 219
41 10 12 169 244
41 11 13 147 83
41 12 9 199 114
41 13 8 326 530
41 16 15 425 543
41 17 19 162 319
41 19 18 141 49
41 23 8 120 186
41 24 13 471 272
41 25 10 492 238
41 26 12 127 303
41 27 7 134 499
41 28 20 357 153
41 29 13 303 62
41 30 6 263 187
41 31 20 313 135
41 32 14 388 93
41 33 10 216 272
41 34 18 372 559
41 36 10 429 334
41 38 4 246 55
41 39 17 199 367
41 42 13 296 332
41 44 11 362 73
41 48 10 218 134
41 49 19 360 247
41 50 3 385 282
41 51 8 353 244
41 52 18 454 242
41 53 9 400 549
41 54 11 266 150
41 56 14 349 418
41 57 10 311 379
41 58 14 200 111
41 59 15 413 442
41 60 17 315 496
41 61 4 437 216
41 63 11 436 74
41 64 10 103 470
41 66 7 404 360
41 67 2 237 60
41 68 13 308 276
42 1 11 449 354
42 2 2 315 403
42 3 1 472 146
42 4 2 121 419
42 5 14 441 583
42 6 6 176 157
42 8 11 451 180
42 9 8 301 476
42 10 1 485 472
42 11 13 151 557
42 13 5 211 367
42 16 6 246 172
42 17 2 357 398
42 18 8 339 507
42 19 20 115 289
42 21 14 236 190
42 22 18 480 253
42 23 20 273 341
42 24 17 408 314
42 25 4 140 225
42 30 6 325 230
42 33 11 275 320
42 34 13 457 354
42 36 19 286 294
42 37 12 115 349
42 38 8 437 159
42 39 13 248 33
42 40 20 327 481
42 41 20 457 351
42 43 10 193 578
42 44 10 158 497
42 45 7 337 354
42 46 4 144 535
42 47 5 448 541
42 49 17 326 141
42 50 3 493 538
42 51 19 427 575
42 52 14 161 262
42 54 7 414 85
42 55 20 209 292
42 56 7 347 574
42 58 1 170 528
42 59 16 163 496
42 60 16 471 377
42 61 1 214 482
42 62 17 204 369
42 63 5 188 427
42 64 13 291 326
42 65 11 386 58
42 66 6 451 567
42 67 7 312 326
42 68 14 249 561
42 69 5 364 331
43 0 7 319 50
43 2 1 199 389
43 3 4 482 295
43 4 11 339 198
43 5 5 395 148
43 6 5 214 397
43 8 13 341 225
43 9 13 313 35
43 10 6 327 280
43 11 8 449 244
43 13 17 440 275
43 14 16 102 510
43 15 2 448 165
43 16 10 280 37
43 18 20 422 320
43 19 5 159 50
43 22 18 321 477
43 23 10 104 93
43 24 2 160 529
43 25 14 132 113
43 26 12 446 280
43 27 19 369 573
43 29 3 172 300
43 30 8 452 463
43 31 9 122 240
43 32 6 115 576
43 33 10 142 400
43 34 10 196 533
43 35 11 376 354
43 36 13 133 68
43 38 9 451 65
43 39 10 279 131
43 40 16 487 478
43 41 6 235 49
43 42 11 187 139
43 44 7 306 571
43 45 15 364 519
43 46 19 384 416
43 48 1 332 408
43 51 3 158 445
43 52 11 479 185
43 53 19 404 346
43 54 13 356 566
43 55 9 488 253
43 56 19 480 309
43 57 17 267 458
43 58 10 442 387
43 59 13 373 107
43 60 13 418 575
43 61 6 421 194
43 62 15 253 451
43 63 7 429 398
43 65 19 351 589
43 66 10 345 414
43 67 7 122 121
43 68 3 493 112
43 69 19 340 387
44 0 17 386 422
44 1 19 453 138
44 2 20 455 576
44 3 7 249 168
44 4 1 325 289
44 5 16 120 170
44 6 2 190 39
44 7 14 155 189
44 8 20 329 432
44 10 1 133 91
44 11 4 387 70
44 12 8 491 371
44 13 7 185 394
44 14 8 103 352
44 15 11 405 91
44 18 12 370 221
44 19 16 402 76
44 20 15 375 159
44 21 5 426 180
44 26 12 461 270
44 27 5 493 123
44 28 6 393 515
44 29 12 126 287
44 30 12 465 129
44 31 9 168 106
44 32 6 311 119
44 33 2 392 529
44 34 16 466 363
44 35 7 227 248
44 36 6 467 535
44 38 8 308 532
44 39 2 235 338
44 40 4 334 445
44 41 17 110 241
44 42 3 265 384
44 43 15 391 474
44 45 6 449 166
44 46 7 335 437
44 47 4 206 61
44 48 11 110 430
44 49 11 161 49
44 50 7 100 221
44 51 7 445 575
44 52 10 296 331
44 53 15 242 337
44 54 3 102 347
44 56 4 433 77
44 57 16 277 590
44 58 11 135 367
44 59 18 429 104
44 61 17 367 357
44 62 2 128 81
44 64 4 225 79
44 68 2 449 546
44 69 11 369 312
45 0 6 331 160
45 1 19 124 531
45 2 19 124 524
45 3 20 457 399
45 4 9 208 239
45 5 1 206 130
45 6 17 140 245
45 8 11 146 583
45 9 3 350 576
45 10 19 127 500
45 11 6 227 575
45 13 13 397 237
45 14 9 131 51
45 16 12 307 218
45 17 9 183 587
45 19 16 401 61
45 20 9 171 509
45 21 7 171 357
45 22 13 218 253
45 23 1 195 447
45 24 7 382 518
45 25 9 242 586
45 26 2 487 56
45 27 1 140 477
45 28 16 112 520
45 29 13 186 370
45 30 3 301 204
45 31 2 152 383
45 32 18 237 422
45 33 17 309 293
45 35 14 315 343
45 37 3 118 92
45 38 9 358 378
45 39 15 405 592
45 40 9 369 544
45 41 12 386 396
45 42 3 382 392
45 43 7 375 320
45 44 13 176 39
45 46 4 380 369
45 47 12 401 556
45 49 6 394 198
45 50 10 240 82
45 52 14 465 186
45 54 20 492 489
45 55 8 457 392
45 56 9 292 334
45 57 20 111 32
45 58 18 222 233
45 59 6 411 503
45 60 7 482 395
45 61 17 293 167
45 62 12 425 504
45 63 8 361 478
45 64 17 494 339
45 65 9 243 162
45 67 1 303 392
45 68 2 439 555
45 69 10 414 323
46 0 2 106 83
46 1 9 338 445
46 2 15 382 102
46 3 12 409 301
46 4 1 312 63
46 5 10 130 554
46 6 13 485 534
46 7 11 368 559
46 9 5 389 226
46 10 1 455 410
46 11 2 499 492
46 12 9 120 44
46 13 8 188 371
46 14 11 329 574
46 15 5 196 363
46 17 20 376 550
46 18 13 229 185
46 20 5 313 303
46 21 15 257 376
46 23 8 253 174
46 24 9 138 241
46 25 10 285 122
46 26 12 206 320
46 27 5 215 99
46 29 3 314 330
46 30 14 289 139
46 31 4 189 358
46 32 4 172 119
46 33 14 304 444
46 34 12 356 233
46 35 19 284 55
46 36 10 307 284
46 38 13 106 541
46 39 20 246 269
46 42 6 303 535
46 44 15 222 286
46 45 14 479 556
46 49 4 122 384
46 50 5 394 476
46 51 16 210 583
46 53 9 365 331
46 55 10 114 553
46 56 18 381 310
46 57 1 412 568
46 58 7 454 578
46 59 19 121 179
46 60 4 137 115
46 61 19 185 228
46 62 13 258 425
46 63 5 458 210
46 65 16 262 105
46 66 1 367 346
46 67 12 370 561
46 68 11 349 41
46 69 15 167 395
47 0 4 430 60
47 1 6 122 513
47 3 6 355 271
47 4 17 160 73
47 5 17 492 205
47 6 18 365 519
47 7 12 366 511
47 8 3 180 330
47 9 14 163 500
47 10 6 269 565
47 11 10 156 576
47 12 14 448 386
47 13 6 402 414
47 14 13 128 346
47 16 18 111 401
47 17 2 311 73
47 18 1 347 560
47 19 9 299 391
47 20 10 148 180
47 21 5 403 292
47 22 19 127 73
47 23 8 278 405
47 25 1 283 126
47 27 19 123 139
47 28 8 384 476
47 29 6 461 159
47 30 12 419 201
47 32 12 187 274
47 33 4 266 589
47 34 19 350 421
47 35 19 306 551
47 36 18 292 379
47 37 16 240 130
47 39 5 451 410
47 40 4 277 406
47 41 17 137 40
47 42 12 123 301
47 43 6 387 462
47 45 17 142 91
47 46 11 281 288
47 48 14 255 511
47 50 19 316 173
47 51 7 208 571
47 52 16 220 154
47 53 13 423 392
47 54 18 284 232
47 55 4 443 91
47 56 6 458 341
47 57 12 398 414
47 58 12 408 289
47 59 17 396 289
47 60 18 272 288
47 61 6 299 117
47 62 5 144 303
47 63 2 371 236
47 64 5 381 516
47 66 2 459 331
47 67 14 407 151
47 68 10 236 104
47 69 2 291 373
48 1 9 231 450
48 2 7 379 83
48 3 1 164 468
48 4 10 402 192
48 6 5 492 343
48 7 9 360 192
48 8 13 174 330
48 9 4 216 495
48 10 20 291 395
48 11 19 498 488
48 12 20 331 173
48 13 17 419 419
48 14 14 460 100
48 15 13 223 34
48 16 20 496 130
48 17 19 369 379
48 18 20 363 41
48 19 19 319 251
48 20 4 333 322
48 21 2 211 395
48 22 20 341 203
48 24 11 417 144
48 25 4 172 354
48 27 12 198 435
48 28 5 164 307
48 29 20 296 172
48 30 13 397 490
48 31 14 453 383
48 34 10 243 40
48 35 19 437 474
48 37 7 157 359
48 38 4 313 223
48 39 14 212 457
48 40 9 239 119
48 41 10 118 117
48 42 20 125 576
48 43 5 252 339
48 44 18 167 539
48 45 20 139 367
48 46 5 379 369
48 47 6 196 554
48 49 2 103 299
48 50 15 284 59
48 52 12 156 38
48 55 2 158 258
48 56 16 288 116
48 57 7 333 290
48 58 15 145 444
48 59 11 312 301
48 60 15 400 464
48 61 2 246 77
48 62 9 121 523
48 63 15 302 335
48 65 18 328 174
48 66 19 208 367
48 67 4 142 458
48 68 2 169 409
48 69 9 428 428
49 0 3 349 341
49 1 6 289 478
49 2 16 452 140
49 3 18 319 458
49 5 12 237 397
49 6 7 370 494
49 7 13 342 254
49 8 1 270 443
49 9 11 165 197
49 10 3 104 446
49 11 6 269 444
49 12 15 399 187
49 13 20 167 239
49 14 16 408 578
49 15 18 112 55
49 17 15 498 500
49 18 5 384 248
49 19 12 347 272
49 20 4 164 256
49 21 15 407 503
49 22 7 265 82
49 23 10 193 430
49 24 19 445 72
49 25 4 490 292
49 26 14 200 360
49 27 13 227 478
49 28 9 193 209
49 29 13 263 576
49 31 12 172 121
49 32 8 247 460
49 33 17 174 190
49 34 11 278 304
49 35 10 155 365
49 36 17 499 54
49 38 2 428 225
49 39 19 311 528
49 40 12 426 364
49 41 18 343 306
49 42 6 392 265
49 43 13 126 421
49 44 8 455 173
49 45 20 450 416
49 48 11 447 58
49 50 6 300 224
49 51 9 146 320
49 52 9 185 543
49 53 2 100 121
49 54 5 157 374
49 55 18 174 79
49 56 7 182 433
49 57 2 264 163
49 58 10 111 501
49 59 5 408 330
49 60 15 482 425
49 61 17 393 355
49 63 7 261 464
49 64 14 103 566
49 65 8 374 437
49 67 13 496 581
49 69 13 195 589
50 0 6 401 458
50 1 14 292 430
50 2 18 120 190
50 3 2 424 439
50 4 19 304 311
50 5 3 139 509
50 6 7 420 515
50 7 11 383 235
50 8 10 426 161
50 9 5 379 540
50 10 8 191 505
50 11 6 348 571
50 12 1 146 201
50 13 4 455 568
50 14 11 368 438
50 16 9 164 149
50 18 12 285 573
50 19 6 481 526
50 20 7 270 172
50 21 12 239 410
50 23 16 293 296
50 24 8 224 458
50 25 3 493 408
50 26 2 184 104
50 28 10 150 364
50 29 3 487 472
50 30 16 375 426
50 31 7 477 322
50 32 9 205 311
50 33 7 395 112
50 34 12 107 374
50 35 16 215 476
50 36 12 166 398
50 37 16 276 95
50 38 10 458 568
50 39 5 306 317
50 40 6 210 543
50 41 1 440 592
50 42 17 125 539
50 43 7 415 485
50 44 13 482 111
50 45 13 140 300
50 48 19 276 50
50 49 18 362 398
50 51 7 319 489
50 52 9 493 47
50 53 7 177 468
50 56 3 395 261
50 57 14 444 521
50 58 13 479 582
50 59 4 172 289
50 60 8 322 176
50 61 1 421 366
50 62 4 329 482
50 65 4 351 343
50 66 20 471 149
50 67 5 334 481
50 69 8 352 360
51 0 7 407 51
51 2 11 204 442
51 3 6 245 363
51 4 20 256 203
51 5 8 242 144
51 6 20 368 57
51 7 12 403 146
51 9 16 457 455
51 10 4 311 101
51 11 8 374 497
51 12 14 414 101
51 13 16 419 547
51 14 8 240 306
51 15 15 318 30
51 16 20 122 257
51 17 19 465 284
51 18 4 117 97
51 19 2 289 513
51 20 7 298 153
51 21 13 423 387
51 22 1 383 238
51 23 20 139 176
51 24 3 247 307
51 25 12 408 438
51 26 10 282 445
51 27 20 127 65
51 28 10 500 374
51 31 19 365 126
51 33 2 111 371
51 35 13 186 404
51 36 19 377 463
51 37 14 294 69
51 38 10 490 445
51 39 14 356 303
51 40 19 470 443
51 41 9 196 228
51 42 4 390 117
51 43 2 475 288
51 44 4 385 330
51 45 7 160 275
51 46 3 269 208
51 47 4 319 523
51 48 20 433 104
51 49 2 219 69
51 50 20 248 522
51 52 6 100 308
51 53 15 345 217
51 54 1 421 325
51 55 6 158 498
51 56 16 483 108
51 57 12 202 480
51 59 17 122 288
51 60 13 417 102
51 62 16 317 403
51 65 5 101 539
51 66 12 372 223
51 67 10 206 137
51 68 14 351 543
52 0 19 352 347
52 1 15 116 194
52 3 15 344 445
52 4 10 238 421
52 5 14 318 573
52 6 14 102 400
52 7 12 456 161
52 8 12 490 388
52 10 17 324 508
52 11 11 187 316
52 13 2 284 590
52 14 11 168 63
52 15 3 430 512
52 17 19 435 357
52 19 13 179 98
52 20 4 346 465
52 22 11 362 437
52 23 5 260 214
52 24 20 252 535
52 25 13 471 180
52 27 9 409 462
52 28 12 427 263
52 31 6 310 251
52 32 16 474 282
52 33 2 164 345
52 34 4 446 489
52 35 2 377 57
52 36 17 190 552
52 38 10 467 571
52 39 20 328 355
52 40 10 326 92
52 41 15 254 233
52 42 3 377 567
52 43 19 308 533
52 44 14 139 112
52 45 13 491 214
52 46 17 305 280
52 47 12 429 227
52 49 7 119 236
52 50 15 481 165
52 51 14 191 169
52 53 11 376 484
52 54 15 249 262
52 55 19 424 436
52 56 18 186 562
52 57 16 307 128
52 58 5 342 452
52 59 20 369 220
52 60 12 364 186
52 61 14 365 334
52 62 14 495 327
52 63 20 126 405
52 66 14 247 43
52 67 16 315 361
52 68 10 256 34
52 69 19 102 54
53 2 17 141 587
53 3 14 410 530
53 4 15 499 422
53 5 7 399 133
53 6 7 377 560
53 7 9 130 548
53 9 16 404 55
53 10 20 394 297
53 12 15 300 527
53 13 7 425 252
53 16 12 381 377
53 17 6 435 164
53 19 17 377 257
53 20 14 218 75
53 21 11 350 442
53 24 8 379 517
53 28 6 346 382
53 29 5 259 188
53 30 11 171 39
53 31 2 149 253
53 32 11 175 413
53 34 14 165 217
53 35 6 297 479
53 36 18 487 149
53 37 19 473 419
53 40 3 343 209
53 41 18 407 538
53 42 6 131 408
53 44 8 445 583
53 45 11 165 53
53 47 1 433 361
53 48 15 148 80
53 50 17 419 282
53 51 14 124 545
53 52 10 350 250
53 54 2 216 149
53 55 3 174 573
53 56 11 194 398
53 57 10 498 70
53 58 10 358 273
53 60 9 311 211
53 61 3 434 167
53 62 8 218 138
53 63 19 247 167
53 64 10 102 286
53 66 10 119 154
53 68 13 453 530
53 69 7 321 332
54 0 6 210 306
54 2 10 308 345
54 3 18 316 246
54 4 9 322 393
54 6 10 175 243
54 7 3 292 307
54 9 4 370 378
54 10 16 197 386
54 11 18 173 353
54 12 7 185 188
54 13 20 105 165
54 15 3 410 353
54 16 18 245 50
54 17 19 368 185
54 18 11 492 158
54 19 12 462 279
54 20 5 184 123
54 21 7 113 388
54 22 2 497 282
54 23 15 178 59
54 24 8 133 302
54 25 15 271 324
54 26 4 413 503
54 27 16 296 578
54 28 3 325 175
54 29 10 142 263
54 30 20 181 152
54 34 5 381 500
54 35 18 279 188
54 36 12 405 203
54 37 8 387 514
54 38 19 453 531
54 39 7 164 84
54 40 12 393 303
54 41 3 470 410
54 42 8 383 127
54 43 6 109 563
54 45 8 335 588
54 46 17 267 55
54 47 3 228 388
54 50 12 402 364
54 51 7 120 46
54 53 16 203 525
54 55 13 232 568
54 56 13 160 589
54 57 16 151 123
54 59 3 313 259
54 60 5 197 552
54 61 12 443 61
54 62 11 127 427
54 63 8 259 331
54 64 11 447 389
54 65 7 480 383
54 67 1 257 376
55 0 2 262 572
55 1 3 102 232
55 2 7 294 438
55 3 12 312 424
55 5 3 417 536
55 6 3 358 361
55 7 6 273 471
55 8 3 330 117
55 9 7 417 234
55 10 14 107 366
55 11 10 329 458
55 13 3 213 213
55 14 4 452 182
55 15 8 177 201
55 16 18 498 468
55 17 10 447 186
55 19 18 313 349
55 21 12 476 109
55 22 8 305 152
55 23 14 408 567
55 24 18 304 240
55 25 9 364 441
55 26 16 309 153
55 29 7 249 310
55 30 19 399 385
55 31 7 364 288
55 32 16 263 269
55 33 18 422 385
55 34 10 334 337
55 35 7 145 298
55 37 9 121 254
55 38 14 387 77
55 39 11 311 94
55 40 3 461 101
55 42 13 464 308
55 43 11 159 299
55 44 1 262 336
55 45 19 177 475
55 47 1 222 333
55 49 19 444 310
55 50 20 235 35
55 51 4 244 37
55 52 9 451 449
55 53 15 233 203
55 54 19 223 455
55 56 1 176 510
55 57 2 423 159
55 58 7 127 141
55 61 18 483 78
55 63 16 274 193
55 64 19 381 191
55 65 16 486 411
55 66 20 487 355
55 67 14 174 292
55 68 6 348 104
55 69 17 383 115
56 1 11 162 358
56 3 2 362 426
56 4 2 214 415
56 7 10 155 178
56 8 12 370 184
56 9 15 222 468
56 10 14 496 101
56 11 2 319 441
56 12 3 299 283
56 13 10 440 476
56 14 3 491 73
56 15 10 134 439
56 16 4 104 329
56 17 14 138 514
56 18 19 139 207
56 19 16 229 254
56 22 13 146 381
56 23 19 222 149
56 25 1 262 161
56 26 12 312 534
56 28 14 144 116
56 29 8 121 141
56 30 17 264 77
56 31 18 445 530
56 32 3 457 274
56 33 2 329 454
56 34 12 476 239
56 35 18 333 462
56 36 7 422 532
56 37 18 123 506
56 38 12 326 423
56 39 1 157 367
56 40 19 271 491
56 41 8 410 333
56 42 7 251 106
56 43 17 255 130
56 45 17 342 381
56 46 11 475 171
56 48 9 299 212
56 49 17 457 254
56 50 1 478 336
56 51 16 263 282
56 52 9 233 380
56 54 15 157 291
56 55 1 428 42
56 57 8 325 483
56 58 5 302 563
56 59 18 137 578
56 60 10 359 285
56 61 12 280 96
56 63 10 436 249
56 65 11 425 227
56 66 3 364 542
56 67 13 417 319
56 68 4 144 208
57 0 7 449 211
57 1 1 348 573
57 2 5 424 258
57 3 12 300 389
57 4 11 110 587
57 5 2 102 227
57 6 18 417 407
57 7 13 132 378
57 8 16 254 68
57 9 6 131 231
57 10 12 285 30
57 13 10 295 59
57 14 7 486 371
57 15 15 497 154
57 16 7 243 498
57 17 17 271 264
57 18 14 193 206
57 19 18 346 390
57 20 10 182 382
57 21 17 305 476
57 24 11 112 365
57 25 6 236 526
57 27 20 484 136
57 28 9 267 174
57 29 19 432 534
57 30 9 484 234
57 31 17 491 497
57 32 14 478 417
57 33 4 165 567
57 34 2 158 573
57 35 11 306 147
57 36 7 481 564
57 37 12 142 109
57 39 6 449 251
57 41 7 140 502
57 43 5 461 556
57 45 18 153 370
57 46 17 274 204
57 47 8 326 246
57 48 19 323 301
57 49 19 253 223
57 50 16 428 533
57 51 4 170 218
57 52 1 412 369
57 54 15 287 378
57 56 20 410 125
57 58 10 188 105
57 59 4 457 305
57 61 2 471 271
57 62 14 375 124
57 63 7 394 511
57 64 19 497 374
57 65 6 127 134
57 66 19 139 293
57 67 17 137 554
57 68 13 404 139
57 69 12 355 140
58 0 8 215 56
58 1 11 173 110
58 3 1 464 392
58 4 12 476 302
58 7 11 209 308
58 8 3 199 479
58 9 8 488 523
58 10 18 159 118
58 11 19 389 570
58 13 2 242 237
58 14 6 192 126
58 15 1 471 530
58 17 18 434 454
58 18 8 140 542
58 19 14 189 433
58 21 2 116 548
58 22 5 354 524
58 23 7 221 483
58 26 4 269 341
58 27 1 141 180
58 28 20 314 297
58 29 20 366 300
58 30 7 148 524
58 31 13 313 479
58 33 5 482 211
58 34 10 487 53
58 35 7 350 224
58 36 13 102 476
58 37 12 415 342
58 38 14 130 139
58 40 9 409 51
58 41 7 291 115
58 42 9 471 104
58 43 12 434 489
58 44 3 190 374
58 45 14 434 225
58 47 2 317 283
58 48 10 460 118
58 49 18 415 306
58 50 2 379 88
58 52 7 313 130
58 53 4 239 522
58 54 11 353 470
58 55 9 258 200
58 56 20 336 509
58 57 7 370 479
58 59 15 394 61
58 61 18 478 340
58 62 6 135 156
58 64 16 252 276
58 65 7 393 484
58 66 11 425 333
58 67 14 155 213
58 69 20 497 64
59 0 17 253 358
59 1 16 489 589
59 2 8 395 222
59 3 1 450 427
59 4 13 340 418
59 6 18 443 354
59 7 17 461 343
59 9 19 479 53
59 10 8 164 265
59 11 17 464 529
59 12 5 137 95
59 13 20 405 571
59 14 18 225 453
59 15 14 108 556
59 16 6 106 412
59 17 12 410 65
59 18 4 432 335
59 19 8 499 112
59 20 1 459 567
59 21 15 371 194
59 22 7 176 372
59 23 5 134 96
59 24 1 403 229
59 26 1 284 381
59 28 4 368 179
59 29 19 448 566
59 30 8 267 123
59 31 8 410 289
59 32 5 250 85
59 34 16 416 335
59 35 3 414 121
59 36 1 337 157
59 37 14 264 492
59 38 11 270 152
59 39 20 134 589
59 40 7 351 126
59 41 5 445 300
59 43 2 195 446
59 44 11 260 341
59 45 19 267 178
59 46 10 387 298
59 47 1 394 67
59 48 5 139 556
59 50 16 309 233
59 51 19 180 547
59 52 7 485 444
59 53 17 360 450
59 55 16 362 170
59 56 17 129 161
59 57 16 428 171
59 60 17 367 524
59 61 12 285 478
59 63 10 482 57
59 64 7 128 135
59 65 1 284 192
59 67 3 251 121
59 68 16 322 550
60 0 6 342 223
60 1 10 435 591
60 2 18 108 181
60 3 2 147 372
60 4 7 329 158
60 5 5 193 275
60 6 15 457 539
60 7 17 475 312
60 8 2 233 538
60 9 7 481 282
60 10 16 171 83
60 11 11 272 506
60 13 2 495 391
60 15 1 374 571
60 17 4 407 536
60 18 7 483 591
60 19 9 182 432
60 20 20 223 254
60 21 14 378 500
60 22 14 363 323
60 23 4 346 488
60 25 19 134 106
60 26 20 231 559
60 28 5 190 74
60 29 4 154 336
60 30 10 435 559
60 31 17 152 99
60 32 14 396 543
60 33 8 254 584
60 34 9 379 291
60 35 12 287 263
60 36 1 153 406
60 37 19 141 253
60 39 4 435 267
60 40 15 395 455
60 41 6 490 294
60 42 11 157 35
60 43 16 450 342
60 44 15 474 282
60 45 1 318 289
60 46 12 212 336
60 48 11 393 282
60 49 9 143 191
60 50 8 306 70
60 52 3 430 60
60 54 19 368 380
60 55 17 194 113
60 56 7 491 153
60 57 11 442 459
60 58 19 248 589
60 59 17 259 243
60 61 11 332 120
60 62 11 352 237
60 63 14 452 457
60 64 10 134 279
60 65 9 378 584
60 66 2 377 56
60 68 3 366 265
60 69 8 284 482
61 0 6 204 151
61 1 9 217 179
61 2 12 139 521
61 3 4 265 40
61 4 17 496 428
61 5 19 181 81
61 7 17 248 315
61 8 10 258 346
61 9 13 381 45
61 10 2 454 291
61 11 2 365 205
61 13 20 357 112
61 14 4 230 234
61 15 18 223 384
61 17 4 478 80
61 18 1 194 577
61 19 13 400 444
61 20 15 402 362
61 21 6 349 345
61 22 15 158 355
61 23 1 162 56
61 24 16 392 534
61 25 20 367 191
61 26 2 340 589
61 27 11 139 72
61 30 1 154 69
61 31 4 383 180
61 32 14 186 107
61 33 3 101 454
61 34 10 438 255
61 35 6 126 153
61 37 18 220 478
61 38 8 220 135
61 39 4 108 112
61 41 17 163 337
61 42 11 162 104
61 43 6 369 316
61 44 14 333 201
61 45 9 131 410
61 46 12 142 524
61 47 12 232 429
61 49 1 125 369
61 50 10 361 274
61 51 12 149 80
61 54 11 371 483
61 56 11 116 142
61 57 8 259 72
61 59 1 371 540
61 60 18 166 47
61 62 20 322 295
61 64 20 173 120
61 66 14 132 484
61 67 20 292 116
61 68 20 336 561
61 69 9 188 408
62 0 8 132 552
62 1 6 152 331
62 2 1 415 223
62 3 7 341 454
62 4 4 403 234
62 5 1 256 181
62 6 13 238 497
62 7 11 206 302
62 8 6 386 54
62 9 4 398 183
62 10 20 464 77
62 11 7 393 319
62 12 7 427 229
62 13 11 212 408
62 14 19 271 506
62 15 12 167 546
62 17 20 465 174
62 19 15 240 500
62 23 9 486 30
62 24 16 248 496
62 25 11 100 337
62 27 20 482 554
62 28 7 354 248
62 29 19 224 381
62 30 9 230 93
62 32 8 136 301
62 33 19 164 399
62 35 6 420 386
62 36 12 440 340
62 37 20 329 417
62 38 11 485 214
62 39 1 338 224
62 40 15 174 511
62 41 2 498 590
62 42 18 221 215
62 43 6 193 101
62 44 18 252 212
62 45 5 487 354
62 46 18 119 401
62 47 14 255 322
62 48 14 250 579
62 49 3 143 137
62 50 3 324 571
62 51 20 360 378
62 53 8 306 425
62 54 9 204 135
62 57 16 358 111
62 58 14 287 547
62 59 10 332 379
62 60 15 136 246
62 61 6 109 502
62 63 3 168 581
62 65 3 275 90
62 66 9 185 131
62 68 7 413 253
62 69 19 100 212
63 0 12 229 489
63 1 18 172 474
63 2 5 187 405
63 4 4 413 584
63 5 8 488 262
63 6 2 261 54
63 7 1 426 440
63 8 9 323 512
63 9 19 181 530
63 10 3 222 399
63 11 12 491 530
63 12 20 406 272
63 13 5 373 188
63 14 20 342 95
63 15 11 168 179
63 18 19 348 172
63 19 16 172 478
63 20 14 169 582
63 22 4 454 485
63 23 1 113 351
63 24 17 437 278
63 26 20 342 354
63 27 18 245 261
63 28 6 119 197
63 29 8 328 404
63 30 13 448 569
63 31 5 268 452
63 32 18 106 457
63 33 3 155 309
63 34 17 358 583
63 35 1 488 487
63 37 1 117 83
63 38 14 155 592
63 39 20 299 316
63 40 4 207 357
63 42 2 497 512
63 43 3 306 96
63 44 10 153 140
63 45 7 227 137
63 46 10 457 111
63 48 18 339 273
63 49 17 403 488
63 50 19 358 98
63 51 12 335 454
63 52 10 170 257
63 53 16 393 213
63 54 13 206 38
63 55 12 472 108
63 56 14 363 579
63 57 19 169 426
63 59 9 485 554
63 60 13 409 518
63 61 10 412 285
63 62 16 198 73
63 64 18 487 401
63 65 20 123 491
63 66 4 276 69
63 67 8 428 385
63 68 12 464 308
63 69 8 356 341
64 1 9 276 91
64 2 14 271 60
64 3 20 281 491
64 4 18 500 522
64 5 7 269 247
64 6 16 470 542
64 7 16 482 317
64 8 3 437 345
64 11 15 382 86
64 12 7 291 389
64 13 3 169 518
64 14 19 486 352
64 15 19 253 516
64 16 16 338 448
64 17 3 443 461
64 18 12 314 314
64 22 16 204 370
64 23 16 496 368
64 25 7 400 55
64 26 4 471 306
64 28 10 406 554
64 30 1 178 213
64 31 14 134 270
64 32 13 144 113
64 33 6 473 325
64 34 16 339 305
64 35 12 321 135
64 36 20 466 346
64 38 13 414 47
64 39 15 250 131
64 40 11 479 553
64 41 1 270 589
64 45 1 461 209
64 46 12 311 563
64 47 8 239 585
64 48 4 239 149
64 50 4 390 570
64 51 17 478 163
64 52 20 339 207
64 54 17 423 62
64 55 4 152 393
64 56 6 267 73
64 57 2 320 332
64 58 20 496 137
64 59 4 195 168
64 60 2 191 561
64 61 5 355 173
64 63 6 407 558
64 65 8 400 356
64 66 16 130 103
64 68 20 366 365
64 69 8 220 124
65 0 19 306 102
65 1 6 432 284
65 2 7 318 230
65 3 15 267 511
65 4 6 167 468
65 5 20 206 542
65 6 11 452 287
65 7 2 215 320
65 9 16 137 309
65 10 1 247 210
65 11 6 274 387
65 12 11 151 288
65 13 12 160 146
65 14 12 495 363
65 15 10 129 392
65 16 16 399 536
65 17 15 477 363
65 20 3 302 543
65 21 1 226 73
65 22 18 272 487
65 23 6 215 562
65 24 9 199 232
65 26 8 224 159
65 27 15 480 514
65 28 19 270 114
65 29 2 237 366
65 30 5 201 296
65 31 10 133 429
65 32 2 337 143
65 33 12 348 112
65 35 2 286 579
65 36 14 324 573
65 37 4 314 111
65 39 8 302 74
65 40 5 180 157
65 41 14 451 210
65 42 19 327 416
65 43 9 136 45
65 44 18 414 89
65 46 16 215 310
65 47 4 422 583
65 49 15 353 74
65 50 7 289 148
65 51 7 101 379
65 53 8 415 45
65 54 4 354 571
65 56 13 299 82
65 57 12 293 403
65 58 18 307 263
65 59 5 320 117
65 60 3 312 504
65 61 5 376 242
65 63 1 215 326
65 64 2 259 203
65 66 13 383 567
65 68 6 440 157
65 69 17 438 41
66 0 1 364 127
66 1 18 129 370
66 2 10 380 65
66 3 16 220 399
66 4 9 120 163
66 5 17 173 552
66 6 6 238 586
66 7 8 361 356
66 8 4 113 111
66 9 9 278 497
66 11 19 449 210
66 13 4 464 485
66 14 6 176 479
66 15 11 368 192
66 16 12 365 577
66 17 9 351 219
66 18 13 116 321
66 19 8 101 197
66 20 2 235 46
66 21 3 296 502
66 22 18 360 122
66 24 13 272 125
66 25 2 146 318
66 26 10 197 431
66 27 16 457 115
66 28 9 147 585
66 29 11 242 531
66 30 11 260 523
66 31 8 450 477
66 34 20 223 415
66 35 7 157 164
66 36 5 243 278
66 37 8 430 341
66 39 12 100 247
66 40 6 372 154
66 41 11 425 580
66 42 8 364 362
66 43 7 348 479
66 44 16 387 87
66 46 18 310 251
66 47 8 184 411
66 48 13 417 187
66 49 5 126 537
66 50 6 165 210
66 51 14 447 466
66 53 17 161 263
66 54 11 301 383
66 55 5 372 497
66 58 15 354 142
66 59 19 336 542
66 60 4 175 514
66 62 17 103 130
66 63 5 461 450
66 64 12 426 130
66 65 16 451 491
66 67 2 383 294
66 68 20 143 208
67 0 1 360 390
67 3 13 316 213
67 4 17 450 372
67 5 17 489 560
67 6 9 247 256
67 7 17 109 241
67 8 15 263 215
67 9 14 278 74
67 10 6 164 134
67 11 15 470 502
67 12 16 428 490
67 13 17 359 119
67 15 5 485 336
67 16 18 320 193
67 17 7 102 552
67 18 8 330 179
67 19 8 435 130
67 20 13 484 450
67 22 13 355 98
67 23 9 354 292
67 25 3 454 68
67 26 15 193 112
67 27 10 409 199
67 29 5 295 173
67 30 18 239 562
67 31 7 195 65
67 32 5 382 471
67 34 9 315 173
67 35 2 168 488
67 37 10 183 526
67 38 6 273 207
67 39 18 326 156
67 40 6 327 270
67 44 4 302 121
67 45 10 234 207
67 46 16 487 144
67 47 13 343 259
67 49 1 426 438
67 50 18 482 357
67 51 18 327 543
67 52 19 321 197
67 53 12 308 44
67 56 5 253 63
67 57 18 337 134
67 58 13 496 506
67 59 10 490 434
67 60 18 366 566
67 62 8 495 449
67 63 15 473 555
67 64 9 112 53
67 65 20 480 557
67 66 11 450 336
67 68 17 178 96
68 0 9 477 427
68 1 20 416 326
68 2 6 215 328
68 4 15 206 219
68 5 5 196 362
68 6 7 137 65
68 8 8 468 291
68 9 12 267 461
68 10 5 437 322
68 11 15 355 551
68 12 2 346 535
68 13 11 291 301
68 16 18 280 350
68 17 5 163 350
68 18 10 413 42
68 19 3 219 502
68 20 17 332 393
68 22 2 476 82
68 23 16 313 260
68 24 3 307 238
68 25 19 328 371
68 26 15 364 405
68 28 11 181 503
68 29 5 112 233
68 30 18 491 493
68 31 4 391 112
68 32 5 315 487
68 33 14 380 493
68 34 5 456 178
68 35 18 116 371
68 36 14 410 586
68 37 2 453 167
68 38 11 148 139
68 39 11 290 47
68 41 7 341 408
68 42 14 366 428
68 43 11 474 251
68 45 19 271 317
68 46 15 337 321
68 49 9 177 497
68 50 17 185 286
68 51 11 350 397
68 52 8 169 97
68 54 15 173 553
68 56 9 313 101
68 57 18 372 357
68 59 8 292 187
68 61 9 357 458
68 62 17 296 550
68 64 5 422 194
68 66 11 289 300
68 67 4 252 531
68 69 3 500 204
69 0 12 370 395
69 1 13 307 95
69 3 11 118 188
69 4 20 489 180
69 5 15 132 180
69 6 15 196 227
69 10 3 251 146
69 11 5 463 366
69 12 3 367 432
69 13 16 292 451
69 14 3 163 111
69 15 18 421 586
69 17 3 173 35
69 18 2 471 137
69 19 1 324 348
69 20 18 324 458
69 22 1 433 379
69 23 3 438 458
69 24 14 450 71
69 25 4 227 314
69 27 17 310 388
69 28 2 428 493
69 29 6 239 442
69 30 16 253 469
69 31 2 348 244
69 32 7 283 390
69 33 6 251 506
69 34 15 177 270
69 35 16 192 541
69 36 17 387 60
69 37 12 144 51
69 38 5 324 433
69 39 3 147 288
69 40 15 430 475
69 41 10 237 52
69 42 16 417 255
69 43 8 121 205
69 44 14 448 116
69 45 20 436 339
69 46 6 125 410
69 47 11 284 351
69 48 1 410 78
69 49 14 239 127
69 50 13 248 222
69 51 18 358 41
69 52 3 463 500
69 54 20 302 455
69 55 18 405 237
69 57 11 370 401
69 58 17 163 111
69 60 8 477 37
69 61 7 149 32
69 63 16 359 547
69 64 19 314 498
69 65 15 238 342
69 67 7 326 316
69 68 10 439 146
END_ARCS
